bs	NGUY	NPAR	NMJO	NCAA	NEST	NWST	GUYPAR	GUYMJO	GUYCAA	GUYEST	GUYWST	PARMJO	PARCAA	PAREST	PARWST	MJOCAA	MJOEST	MJOWST	CAAEST	CAAWST	ESTWST	TDIV1	TDIV2	TDIV3	TDIV4	TDIV5	MaxEstLhood	MaxObsLhood
1	100753	169392	91361	708846	104765	304691	4.43986e-05	4.95827e-06	9.43552e-08	1.32980e-06	4.63893e-06	3.65996e-06	3.34835e-07	7.20046e-07	4.46944e-06	6.43997e-06	2.03926e-05	3.24401e-07	5.37951e-05	7.69538e-08	9.95356e-05	10617	24498	38262	70844	90169	-90017.787	-77217.576
2	106603	212404	53816	431920	101163	372653	4.61416e-05	5.86133e-06	5.00228e-08	8.97084e-07	1.92201e-06	1.06624e-07	2.23764e-07	8.83044e-08	4.55943e-06	5.35481e-06	3.17492e-05	3.07543e-06	6.42206e-05	4.38896e-07	1.79603e-04	13640	22440	46406	67858	111042	-81528.527	-76440.239
3	118135	142260	75551	558154	109593	468141	6.48178e-05	2.41491e-06	6.86189e-07	9.14971e-08	1.60928e-06	6.29285e-08	2.03734e-07	4.82199e-06	2.04564e-07	4.73194e-07	8.33959e-06	1.67315e-06	1.19057e-04	1.90145e-07	9.06863e-05	12293	21018	29919	66968	103345	-81519.164	-76456.724
4	115780	135053	59966	512786	109797	336818	5.61028e-05	5.28591e-06	8.76242e-07	2.37898e-07	4.58302e-08	1.11374e-06	2.56718e-07	4.37073e-07	8.62294e-06	2.52562e-06	2.36938e-05	3.18065e-07	5.47794e-05	8.52857e-07	1.23617e-04	21451	23177	47889	87263	110791	-81661.250	-76612.458
5	104675	134994	65665	669584	105416	414116	5.54598e-05	8.43054e-06	3.33977e-08	3.26493e-06	1.09530e-06	2.21497e-06	8.90412e-08	2.54428e-07	2.81246e-07	5.56295e-08	1.22188e-05	1.74123e-07	6.83975e-05	1.88882e-06	3.66957e-05	14031	22739	32037	69322	98813	-82534.890	-77392.036
6	104601	511686	64328	662828	105422	327449	2.58524e-05	3.42685e-06	4.44742e-07	1.09184e-06	4.45000e-06	1.71224e-06	1.03992e-06	2.45263e-07	6.38768e-07	2.85849e-06	8.59533e-07	4.74720e-06	5.60148e-05	4.69831e-06	5.59594e-05	11115	19605	60570	70055	105189	-81627.227	-76545.600
7	102927	122399	75414	434336	108143	524997	1.25198e-04	7.99009e-06	7.70211e-08	5.38025e-07	1.37449e-06	4.88264e-07	1.82888e-07	1.03146e-06	7.05256e-07	5.22467e-07	7.98047e-06	1.38651e-06	6.14966e-05	2.07141e-08	1.06250e-04	15129	16896	36931	86120	98635	-80663.516	-75705.016
8	117226	201681	66236	469252	113622	428506	3.86525e-05	4.67718e-06	8.32501e-07	1.61549e-07	5.00708e-06	1.31249e-06	1.47042e-07	2.87533e-08	6.54213e-07	9.71057e-07	1.20191e-05	3.95265e-08	7.81575e-05	1.57766e-05	5.10136e-05	10659	19225	36530	58619	108515	-81750.656	-76795.018
9	127514	379074	71362	371460	103620	618071	2.24703e-05	4.52964e-06	2.31387e-07	2.25721e-06	3.60890e-06	2.90138e-06	6.23902e-08	2.41122e-06	1.27902e-07	2.65613e-06	8.32201e-06	2.13482e-08	6.24066e-05	9.72815e-06	1.11753e-04	11712	24532	28404	97506	102816	-82223.164	-77157.081
10	104999	438990	80837	436874	102871	315737	4.54384e-05	8.15254e-07	1.55799e-07	1.38239e-07	4.84949e-06	3.45051e-08	6.18217e-08	3.53864e-06	3.84138e-07	4.33968e-07	1.10710e-05	3.98495e-08	5.78003e-05	1.34999e-06	1.02448e-04	11874	24899	33475	76736	97788	-81583.238	-76588.939
11	115756	185235	58058	711877	102222	586840	3.75836e-05	6.69787e-06	3.93865e-07	6.13001e-07	4.16102e-07	2.13486e-07	7.10160e-07	3.40056e-07	5.86174e-07	1.89243e-06	2.22599e-05	2.10365e-07	9.43416e-05	1.97808e-06	6.22195e-05	15526	21025	29501	73056	113876	-81453.429	-76405.196
12	109767	165129	85289	442139	106167	685219	2.70448e-05	4.32850e-06	1.11021e-07	2.58002e-06	1.07633e-07	2.19355e-06	8.36931e-08	2.29921e-07	7.74477e-07	1.34198e-06	3.72009e-06	1.44532e-06	5.43134e-05	6.00273e-07	1.31912e-04	10587	28808	37543	57919	93598	-82392.227	-77192.678
13	108157	495173	76014	564933	103119	482809	2.10285e-05	2.67182e-07	5.86909e-07	4.16056e-07	5.55831e-06	3.77125e-06	1.91889e-07	1.46328e-07	3.76726e-07	4.65704e-08	1.02011e-05	4.32496e-06	5.95820e-05	8.34904e-08	2.02573e-04	12171	22893	34555	69243	102429	-80686.724	-75784.487
14	101857	154980	67732	601982	102930	490493	9.13579e-05	8.48622e-06	3.24504e-07	3.86676e-06	8.22219e-08	1.35466e-07	2.18997e-08	2.89531e-07	7.16152e-06	5.04100e-06	9.93479e-06	1.73655e-06	6.69379e-05	4.55456e-07	9.44180e-05	12313	20023	32280	73297	103296	-80833.273	-75876.287
15	103722	617315	60483	401976	106532	573792	2.78241e-05	5.70369e-06	1.80059e-07	3.71579e-06	6.07268e-06	1.77747e-06	1.11441e-06	4.96040e-06	9.35703e-08	4.40358e-07	1.98404e-06	3.48912e-06	1.01427e-04	2.72198e-06	1.92625e-04	10682	24469	39743	72221	118565	-81488.313	-76448.141
16	107263	172076	51361	638997	104933	341783	4.33991e-05	8.19140e-06	1.26349e-07	3.53547e-06	8.50084e-08	9.02199e-08	9.80045e-08	6.16835e-08	7.17353e-06	2.24928e-06	8.46072e-06	5.46753e-06	3.81409e-05	3.70527e-06	1.51113e-04	12168	31211	35694	61229	102477	-80719.248	-75785.919
17	108022	195919	71075	588578	106922	369346	3.31568e-05	6.16342e-06	3.52051e-07	4.11258e-06	5.06184e-06	5.31533e-06	2.16571e-06	5.88366e-08	1.56481e-06	3.89498e-06	1.15620e-05	2.18522e-07	5.45933e-05	7.73805e-07	6.06223e-05	11379	35626	42081	79711	92742	-81206.943	-76313.543
18	101544	420321	86874	477315	103516	431944	7.95856e-05	3.78670e-07	6.97242e-08	1.30640e-06	4.26375e-06	1.68399e-07	2.89574e-07	4.43955e-07	1.26629e-06	1.71844e-07	6.39116e-06	6.06677e-07	3.24528e-05	9.55709e-07	7.69621e-05	14416	24124	27001	71634	101512	-80439.587	-75425.386
19	107491	129751	79384	335439	106301	372806	7.40021e-05	5.24810e-06	3.63221e-07	1.52248e-06	1.56988e-08	6.07881e-07	4.01782e-08	3.28227e-07	3.12859e-06	9.86768e-08	8.64996e-06	1.74477e-05	1.00550e-04	7.38856e-07	1.05226e-04	13875	17471	44297	68332	84926	-80493.122	-75611.067
20	103143	349313	70841	728875	105180	416588	1.91526e-06	4.43426e-06	1.25198e-07	5.93521e-06	6.28289e-07	4.07241e-06	3.15168e-07	6.68925e-08	8.04143e-08	7.70399e-08	1.75732e-05	6.90906e-08	3.66832e-05	1.24707e-07	6.83960e-05	11763	19311	39568	57365	88808	-81309.445	-76196.622
21	114694	159602	71093	394366	103984	415803	8.96968e-05	5.10349e-06	4.14924e-07	5.37306e-07	2.85780e-06	9.47192e-08	1.97250e-07	3.77648e-07	9.37458e-07	2.34269e-07	5.42094e-06	5.14026e-06	2.14891e-05	3.32028e-08	1.24952e-04	11032	20843	33859	69769	99023	-81285.407	-76385.568
22	115694	228633	70207	779592	104856	466983	3.63457e-05	2.67197e-06	1.56961e-07	6.45276e-07	3.40358e-06	5.25178e-08	2.28921e-07	3.91527e-07	3.08471e-07	7.96683e-07	4.83729e-06	2.36801e-05	3.73102e-05	4.04677e-06	1.68994e-04	16275	21122	36076	78198	111729	-81890.705	-76761.096
23	115957	423364	54355	513315	103812	374585	3.55605e-05	7.01838e-06	5.97125e-07	1.84305e-07	4.32162e-06	6.28478e-07	6.26926e-08	1.99877e-07	5.62410e-06	1.50617e-06	1.21993e-05	8.85279e-06	4.78589e-05	9.44462e-07	1.46211e-04	11793	18862	46920	95918	106770	-81687.637	-76625.977
24	116499	152533	73838	646055	109682	301824	3.41144e-05	4.44136e-07	2.86533e-07	3.44492e-07	1.06986e-05	2.71168e-06	2.53092e-07	1.18157e-06	1.30953e-07	9.36573e-06	6.02001e-07	8.74694e-06	4.60848e-05	2.42061e-06	1.37026e-04	11727	20266	46572	74095	100095	-81811.986	-76761.610
25	105968	128639	57627	368476	110107	563959	2.82314e-05	2.91120e-07	3.45023e-08	7.84551e-08	5.75559e-06	6.26035e-06	4.28696e-07	7.90677e-07	4.13487e-08	4.10725e-07	3.39513e-05	9.58046e-08	1.11674e-04	3.12958e-06	1.05030e-04	12852	26074	38107	64192	107356	-81447.681	-76424.201
26	107191	211240	66415	316402	101499	371047	4.72539e-05	1.23640e-06	7.55198e-07	1.16044e-07	3.48933e-06	1.33019e-06	7.45921e-08	2.23291e-07	1.26056e-06	1.83635e-06	7.37813e-06	5.42389e-06	7.44299e-05	6.61759e-06	1.68311e-04	12085	17424	45563	62928	96704	-80301.661	-75526.222
27	101897	203263	71539	448683	101572	675239	4.37533e-05	1.72656e-06	4.82393e-07	1.31293e-07	8.39866e-06	2.50410e-06	5.33143e-07	6.09118e-07	3.12870e-07	2.31238e-06	2.46865e-06	1.13519e-06	5.02808e-05	2.74362e-07	1.40327e-04	14549	22750	34957	72938	103413	-80190.820	-75197.723
28	105889	181150	65514	702467	102205	380453	4.54709e-05	4.73774e-06	3.52217e-07	6.44599e-06	9.07950e-08	2.69785e-07	2.28479e-07	2.13674e-07	1.38789e-06	6.87351e-06	3.15216e-05	1.19563e-06	6.51381e-05	2.40223e-06	9.52757e-05	12376	21020	41781	75005	101546	-81626.172	-76551.413
29	114353	285190	68314	661242	101709	440821	1.90033e-05	1.35630e-06	1.16306e-07	5.92598e-06	2.39122e-07	1.07928e-07	1.96374e-07	3.23753e-08	3.75803e-07	1.46776e-06	4.15468e-06	1.38967e-07	3.69704e-05	5.82147e-06	1.29773e-04	10583	15213	35868	78635	100000	-81069.305	-76077.563
30	116632	287148	55383	755362	107681	402412	1.18233e-05	4.47976e-06	2.04177e-07	5.67147e-07	1.22935e-07	2.44155e-06	2.39273e-07	5.64062e-07	2.83763e-06	5.03944e-06	2.24379e-05	3.50915e-08	8.66027e-05	2.37438e-06	8.42803e-05	10731	30890	53939	84190	95124	-82368.110	-77198.014
31	107079	129660	70653	484524	104003	533542	4.20917e-05	2.88053e-06	2.54179e-06	1.93988e-06	5.36037e-06	6.20931e-07	7.86964e-08	1.32663e-07	1.90540e-08	1.03974e-06	6.63904e-07	3.70290e-06	4.03633e-05	2.46109e-05	1.01568e-04	12329	17866	33725	81145	88958	-80780.202	-75899.054
32	106525	192838	53346	595895	104358	335815	5.47963e-05	3.77640e-06	1.03975e-06	2.09199e-07	4.00882e-06	1.09588e-07	2.29768e-07	3.64702e-08	1.03343e-06	1.38380e-07	3.22539e-05	2.63956e-08	4.62659e-05	1.36003e-05	1.02396e-04	13421	22565	47830	79201	109287	-82037.490	-76874.793
33	106069	196636	71287	797088	106533	318372	3.94907e-05	1.64050e-06	2.45553e-07	5.34407e-07	8.34421e-06	7.75625e-06	7.07359e-07	4.74216e-08	1.30690e-07	1.40162e-07	1.08165e-05	3.81893e-06	4.79339e-05	2.26888e-06	1.87015e-04	12595	19881	39537	68997	116102	-80923.429	-75891.045
34	105507	118502	54463	438619	108016	389183	7.52280e-05	6.56374e-08	2.95971e-07	6.37174e-07	4.24204e-06	8.57659e-06	7.35141e-07	5.35943e-07	4.78403e-07	3.50701e-06	2.16045e-05	8.55158e-08	5.40286e-05	5.67027e-06	7.56123e-05	15219	20225	37243	67257	99814	-80742.178	-75894.105
35	108168	231039	63906	514090	115739	305465	4.93015e-05	2.48877e-06	1.28089e-07	2.74092e-06	1.94278e-06	1.61333e-06	9.50350e-07	3.01873e-07	4.00392e-06	6.96707e-06	5.35480e-06	5.41232e-08	6.43712e-05	3.68055e-07	1.29636e-04	13694	26636	44697	67630	87052	-82075.048	-76902.511
36	102593	343660	72042	830134	108253	477956	2.78700e-05	2.48062e-06	6.76095e-07	1.52229e-06	5.55483e-07	3.16603e-08	3.18974e-07	4.02049e-07	8.50545e-07	1.20379e-07	3.05213e-08	3.79234e-06	4.31026e-05	5.00496e-08	8.36226e-05	10969	18813	29816	77057	121624	-81298.531	-76194.155
37	102895	218513	50335	465752	105540	566229	3.95175e-05	1.27603e-05	4.12024e-07	2.72224e-08	1.36608e-06	2.37018e-07	1.07143e-07	3.37376e-06	7.89461e-07	2.50132e-07	2.29940e-05	9.99501e-07	6.40472e-05	3.21643e-07	5.27141e-05	11602	29765	42716	84085	121952	-80943.620	-76024.713
38	112519	125126	70122	743291	104682	472472	8.79867e-05	1.92843e-06	2.19112e-08	9.31544e-07	2.60431e-06	7.94957e-06	1.76161e-07	1.64487e-06	4.19239e-06	1.51820e-06	1.32382e-05	1.04272e-07	3.82462e-05	2.28578e-05	1.12734e-04	11614	15198	48997	86442	89545	-80290.702	-75398.711
39	117092	117442	62233	533663	104635	303379	8.99262e-05	8.10044e-08	4.63614e-07	5.29138e-06	7.86394e-07	4.80835e-06	5.09209e-07	5.24381e-08	1.11876e-07	4.05924e-06	9.53876e-06	7.44430e-07	5.66771e-05	2.09528e-07	8.95495e-05	16107	18305	34657	74479	102753	-81887.137	-76828.262
40	107738	245004	72792	503019	102770	400815	3.41761e-05	3.05973e-06	8.22403e-08	7.42387e-07	5.59923e-06	6.69678e-07	3.28184e-07	2.74312e-07	1.49758e-06	1.53697e-06	9.11389e-06	3.84333e-07	4.94774e-05	1.50210e-06	1.28643e-04	15551	17664	27852	72290	89660	-81800.218	-76645.151
41	102941	246160	69303	310027	109989	504335	2.75240e-05	4.39865e-07	2.67890e-07	3.42521e-07	1.12398e-05	5.10616e-06	3.16058e-07	1.40842e-07	5.78065e-07	2.85691e-07	1.66198e-05	4.88358e-07	6.02171e-05	7.85469e-08	1.17064e-04	11706	35132	38906	50608	94193	-81596.753	-76505.219
42	103196	377852	60047	461039	102349	326402	3.63700e-05	6.13885e-06	6.74411e-07	6.54305e-07	4.06085e-07	4.67433e-07	3.15889e-08	2.54630e-07	1.02008e-07	4.47062e-06	2.10722e-05	4.52247e-08	4.21898e-05	7.56985e-07	1.26111e-04	11237	24563	35258	102061	103766	-81679.688	-76691.276
43	107878	163012	78600	677435	112038	454435	6.99512e-05	5.86727e-06	2.96501e-07	2.55688e-08	6.10429e-06	3.73061e-07	9.94077e-08	3.69593e-07	1.11054e-06	1.18760e-06	3.36410e-06	3.23041e-07	1.95315e-05	8.82063e-06	9.09648e-05	12045	22098	41207	60091	95391	-82068.315	-76871.797
44	108102	170008	61547	672458	104538	582346	6.77033e-05	5.95034e-06	1.25335e-07	1.12785e-06	3.47961e-06	4.39421e-06	1.76806e-06	1.87402e-07	8.39271e-07	2.60153e-06	2.39342e-05	4.78717e-08	8.31921e-05	5.57737e-07	6.57084e-05	10388	21359	36471	77317	118629	-80086.469	-75140.940
45	122127	167012	72054	644555	104633	359951	8.36685e-05	6.56053e-08	1.42263e-06	1.77165e-07	1.07872e-06	3.34476e-06	1.49848e-07	2.52520e-07	1.68138e-06	1.82444e-06	1.06286e-05	1.91628e-07	4.10354e-05	5.23029e-06	6.91019e-05	12474	31279	40717	57509	96536	-81183.325	-76158.668
46	113101	123524	46989	307712	103173	387588	5.17087e-05	2.47670e-06	8.79296e-08	2.07421e-06	2.47706e-06	5.99783e-06	1.90700e-07	8.01166e-07	1.04063e-06	7.84501e-06	1.50855e-06	2.58342e-05	4.28725e-05	1.05281e-07	1.09221e-04	17738	21692	22663	73366	112742	-81166.982	-76068.478
47	109328	169618	60914	877848	103401	447542	7.74781e-05	1.53105e-07	4.20820e-07	3.43176e-08	6.08563e-06	7.19076e-06	6.66653e-07	1.33891e-07	8.90651e-08	2.10229e-07	2.47926e-05	4.03033e-08	4.64853e-05	1.32930e-06	1.49669e-04	16245	16814	33796	79485	108142	-81898.790	-76753.395
48	107177	447916	79249	721247	103749	567197	7.90154e-06	7.42898e-08	4.21081e-07	2.56195e-07	8.89878e-06	1.94240e-06	6.31711e-07	8.42969e-08	2.53510e-08	6.98422e-06	3.22820e-06	6.23787e-06	3.03166e-05	1.08924e-05	1.38057e-04	10518	26201	33074	73837	105253	-80006.237	-75129.732
49	115791	280907	85746	496179	109043	412387	2.67742e-05	1.74438e-06	4.75017e-07	1.13567e-07	7.25079e-06	1.72289e-06	4.97553e-08	1.95201e-06	4.84111e-07	2.68230e-06	1.13085e-05	4.46263e-07	3.32211e-05	2.43062e-05	2.52883e-04	11179	20110	43227	74184	94468	-81387.293	-76424.706
50	114043	136713	76984	750602	105006	355692	4.08989e-05	3.53342e-06	8.75994e-07	3.92004e-07	9.79415e-07	6.75502e-07	3.48844e-07	5.90256e-08	4.24461e-06	4.30623e-08	2.37532e-05	1.85999e-06	4.75973e-05	3.48448e-06	9.69464e-05	14524	20198	27759	63349	111524	-80191.802	-75158.006