-54.639208 -26.789259
-53.948911 -26.789259
-53.258614 -26.789259
-52.568317 -26.789259
-51.878020 -26.789259
-51.187723 -26.789259
-50.497426 -26.789259
-49.807129 -26.789259
-49.116832 -26.789259
-48.426535 -26.789259
-55.674653 -26.098519
-54.984356 -26.098519
-54.294059 -26.098519
-53.603762 -26.098519
-52.913465 -26.098519
-52.223168 -26.098519
-51.532871 -26.098519
-50.842574 -26.098519
-50.152277 -26.098519
-49.461980 -26.098519
-48.771683 -26.098519
-48.081386 -26.098519
-47.391089 -26.098519
-46.700792 -26.098519
-56.019802 -25.407778
-55.329505 -25.407778
-54.639208 -25.407778
-53.948911 -25.407778
-53.258614 -25.407778
-52.568317 -25.407778
-51.878020 -25.407778
-51.187723 -25.407778
-50.497426 -25.407778
-49.807129 -25.407778
-49.116832 -25.407778
-48.426535 -25.407778
-47.736238 -25.407778
-47.045941 -25.407778
-46.355644 -25.407778
-45.665347 -25.407778
-44.975050 -25.407778
-57.055248 -24.717037
-56.364950 -24.717037
-55.674653 -24.717037
-54.984356 -24.717037
-54.294059 -24.717037
-53.603762 -24.717037
-52.913465 -24.717037
-52.223168 -24.717037
-51.532871 -24.717037
-50.842574 -24.717037
-50.152277 -24.717037
-49.461980 -24.717037
-48.771683 -24.717037
-48.081386 -24.717037
-47.391089 -24.717037
-46.700792 -24.717037
-46.010495 -24.717037
-45.320198 -24.717037
-44.629901 -24.717037
-43.939604 -24.717037
-43.249307 -24.717037
-58.090693 -24.026296
-57.400396 -24.026296
-56.710099 -24.026296
-56.019802 -24.026296
-55.329505 -24.026296
-54.639208 -24.026296
-53.948911 -24.026296
-53.258614 -24.026296
-52.568317 -24.026296
-51.878020 -24.026296
-51.187723 -24.026296
-50.497426 -24.026296
-49.807129 -24.026296
-49.116832 -24.026296
-48.426535 -24.026296
-47.736238 -24.026296
-47.045941 -24.026296
-46.355644 -24.026296
-45.665347 -24.026296
-44.975050 -24.026296
-44.284752 -24.026296
-43.594455 -24.026296
-42.904158 -24.026296
-42.213861 -24.026296
-41.523564 -24.026296
-58.435842 -23.335556
-57.745545 -23.335556
-57.055248 -23.335556
-56.364950 -23.335556
-55.674653 -23.335556
-54.984356 -23.335556
-54.294059 -23.335556
-53.603762 -23.335556
-52.913465 -23.335556
-52.223168 -23.335556
-51.532871 -23.335556
-50.842574 -23.335556
-50.152277 -23.335556
-49.461980 -23.335556
-48.771683 -23.335556
-48.081386 -23.335556
-47.391089 -23.335556
-46.700792 -23.335556
-46.010495 -23.335556
-45.320198 -23.335556
-44.629901 -23.335556
-43.939604 -23.335556
-43.249307 -23.335556
-42.559010 -23.335556
-41.868713 -23.335556
-41.178416 -23.335556
-59.471287 -22.644815
-58.780990 -22.644815
-58.090693 -22.644815
-57.400396 -22.644815
-56.710099 -22.644815
-56.019802 -22.644815
-55.329505 -22.644815
-54.639208 -22.644815
-53.948911 -22.644815
-53.258614 -22.644815
-52.568317 -22.644815
-51.878020 -22.644815
-51.187723 -22.644815
-50.497426 -22.644815
-49.807129 -22.644815
-49.116832 -22.644815
-48.426535 -22.644815
-47.736238 -22.644815
-47.045941 -22.644815
-46.355644 -22.644815
-45.665347 -22.644815
-44.975050 -22.644815
-44.284752 -22.644815
-43.594455 -22.644815
-42.904158 -22.644815
-42.213861 -22.644815
-41.523564 -22.644815
-40.833267 -22.644815
-40.142970 -22.644815
-59.816436 -21.954074
-59.126139 -21.954074
-58.435842 -21.954074
-57.745545 -21.954074
-57.055248 -21.954074
-56.364950 -21.954074
-55.674653 -21.954074
-54.984356 -21.954074
-54.294059 -21.954074
-53.603762 -21.954074
-52.913465 -21.954074
-52.223168 -21.954074
-51.532871 -21.954074
-50.842574 -21.954074
-50.152277 -21.954074
-49.461980 -21.954074
-48.771683 -21.954074
-48.081386 -21.954074
-47.391089 -21.954074
-46.700792 -21.954074
-46.010495 -21.954074
-45.320198 -21.954074
-44.629901 -21.954074
-43.939604 -21.954074
-43.249307 -21.954074
-42.559010 -21.954074
-41.868713 -21.954074
-41.178416 -21.954074
-40.488119 -21.954074
-39.797822 -21.954074
-60.851881 -21.263333
-60.161584 -21.263333
-59.471287 -21.263333
-58.780990 -21.263333
-58.090693 -21.263333
-57.400396 -21.263333
-56.710099 -21.263333
-56.019802 -21.263333
-55.329505 -21.263333
-54.639208 -21.263333
-53.948911 -21.263333
-53.258614 -21.263333
-52.568317 -21.263333
-51.878020 -21.263333
-51.187723 -21.263333
-50.497426 -21.263333
-49.807129 -21.263333
-49.116832 -21.263333
-48.426535 -21.263333
-47.736238 -21.263333
-47.045941 -21.263333
-46.355644 -21.263333
-45.665347 -21.263333
-44.975050 -21.263333
-44.284752 -21.263333
-43.594455 -21.263333
-42.904158 -21.263333
-42.213861 -21.263333
-41.523564 -21.263333
-40.833267 -21.263333
-40.142970 -21.263333
-39.452673 -21.263333
-61.197030 -20.572593
-60.506733 -20.572593
-59.816436 -20.572593
-59.126139 -20.572593
-58.435842 -20.572593
-57.745545 -20.572593
-57.055248 -20.572593
-56.364950 -20.572593
-55.674653 -20.572593
-54.984356 -20.572593
-54.294059 -20.572593
-53.603762 -20.572593
-52.913465 -20.572593
-52.223168 -20.572593
-51.532871 -20.572593
-50.842574 -20.572593
-50.152277 -20.572593
-49.461980 -20.572593
-48.771683 -20.572593
-48.081386 -20.572593
-47.391089 -20.572593
-46.700792 -20.572593
-46.010495 -20.572593
-45.320198 -20.572593
-44.629901 -20.572593
-43.939604 -20.572593
-43.249307 -20.572593
-42.559010 -20.572593
-41.868713 -20.572593
-41.178416 -20.572593
-40.488119 -20.572593
-39.797822 -20.572593
-39.107525 -20.572593
-62.232475 -19.881852
-61.542178 -19.881852
-60.851881 -19.881852
-60.161584 -19.881852
-59.471287 -19.881852
-58.780990 -19.881852
-58.090693 -19.881852
-57.400396 -19.881852
-56.710099 -19.881852
-56.019802 -19.881852
-55.329505 -19.881852
-54.639208 -19.881852
-53.948911 -19.881852
-53.258614 -19.881852
-52.568317 -19.881852
-51.878020 -19.881852
-51.187723 -19.881852
-50.497426 -19.881852
-49.807129 -19.881852
-49.116832 -19.881852
-48.426535 -19.881852
-47.736238 -19.881852
-47.045941 -19.881852
-46.355644 -19.881852
-45.665347 -19.881852
-44.975050 -19.881852
-44.284752 -19.881852
-43.594455 -19.881852
-42.904158 -19.881852
-42.213861 -19.881852
-41.523564 -19.881852
-40.833267 -19.881852
-40.142970 -19.881852
-39.452673 -19.881852
-38.762376 -19.881852
-62.577624 -19.191111
-61.887327 -19.191111
-61.197030 -19.191111
-60.506733 -19.191111
-59.816436 -19.191111
-59.126139 -19.191111
-58.435842 -19.191111
-57.745545 -19.191111
-57.055248 -19.191111
-56.364950 -19.191111
-55.674653 -19.191111
-54.984356 -19.191111
-54.294059 -19.191111
-53.603762 -19.191111
-52.913465 -19.191111
-52.223168 -19.191111
-51.532871 -19.191111
-50.842574 -19.191111
-50.152277 -19.191111
-49.461980 -19.191111
-48.771683 -19.191111
-48.081386 -19.191111
-47.391089 -19.191111
-46.700792 -19.191111
-46.010495 -19.191111
-45.320198 -19.191111
-44.629901 -19.191111
-43.939604 -19.191111
-43.249307 -19.191111
-42.559010 -19.191111
-41.868713 -19.191111
-41.178416 -19.191111
-40.488119 -19.191111
-39.797822 -19.191111
-39.107525 -19.191111
-38.417228 -19.191111
-63.613069 -18.500370
-62.922772 -18.500370
-62.232475 -18.500370
-61.542178 -18.500370
-60.851881 -18.500370
-60.161584 -18.500370
-59.471287 -18.500370
-58.780990 -18.500370
-58.090693 -18.500370
-57.400396 -18.500370
-56.710099 -18.500370
-56.019802 -18.500370
-55.329505 -18.500370
-54.639208 -18.500370
-53.948911 -18.500370
-53.258614 -18.500370
-52.568317 -18.500370
-51.878020 -18.500370
-51.187723 -18.500370
-50.497426 -18.500370
-49.807129 -18.500370
-49.116832 -18.500370
-48.426535 -18.500370
-47.736238 -18.500370
-47.045941 -18.500370
-46.355644 -18.500370
-45.665347 -18.500370
-44.975050 -18.500370
-44.284752 -18.500370
-43.594455 -18.500370
-42.904158 -18.500370
-42.213861 -18.500370
-41.523564 -18.500370
-40.833267 -18.500370
-40.142970 -18.500370
-39.452673 -18.500370
-38.762376 -18.500370
-38.072079 -18.500370
-63.958218 -17.809630
-63.267921 -17.809630
-62.577624 -17.809630
-61.887327 -17.809630
-61.197030 -17.809630
-60.506733 -17.809630
-59.816436 -17.809630
-59.126139 -17.809630
-58.435842 -17.809630
-57.745545 -17.809630
-57.055248 -17.809630
-56.364950 -17.809630
-55.674653 -17.809630
-54.984356 -17.809630
-54.294059 -17.809630
-53.603762 -17.809630
-52.913465 -17.809630
-52.223168 -17.809630
-51.532871 -17.809630
-50.842574 -17.809630
-50.152277 -17.809630
-49.461980 -17.809630
-48.771683 -17.809630
-48.081386 -17.809630
-47.391089 -17.809630
-46.700792 -17.809630
-46.010495 -17.809630
-45.320198 -17.809630
-44.629901 -17.809630
-43.939604 -17.809630
-43.249307 -17.809630
-42.559010 -17.809630
-41.868713 -17.809630
-41.178416 -17.809630
-40.488119 -17.809630
-39.797822 -17.809630
-39.107525 -17.809630
-38.417228 -17.809630
-37.726931 -17.809630
-64.303366 -17.118889
-63.613069 -17.118889
-62.922772 -17.118889
-62.232475 -17.118889
-61.542178 -17.118889
-60.851881 -17.118889
-60.161584 -17.118889
-59.471287 -17.118889
-58.780990 -17.118889
-58.090693 -17.118889
-57.400396 -17.118889
-56.710099 -17.118889
-56.019802 -17.118889
-55.329505 -17.118889
-54.639208 -17.118889
-53.948911 -17.118889
-53.258614 -17.118889
-52.568317 -17.118889
-51.878020 -17.118889
-51.187723 -17.118889
-50.497426 -17.118889
-49.807129 -17.118889
-49.116832 -17.118889
-48.426535 -17.118889
-47.736238 -17.118889
-47.045941 -17.118889
-46.355644 -17.118889
-45.665347 -17.118889
-44.975050 -17.118889
-44.284752 -17.118889
-43.594455 -17.118889
-42.904158 -17.118889
-42.213861 -17.118889
-41.523564 -17.118889
-40.833267 -17.118889
-40.142970 -17.118889
-39.452673 -17.118889
-38.762376 -17.118889
-38.072079 -17.118889
-37.381782 -17.118889
-64.648515 -16.428148
-63.958218 -16.428148
-63.267921 -16.428148
-62.577624 -16.428148
-61.887327 -16.428148
-61.197030 -16.428148
-60.506733 -16.428148
-59.816436 -16.428148
-59.126139 -16.428148
-58.435842 -16.428148
-57.745545 -16.428148
-57.055248 -16.428148
-56.364950 -16.428148
-55.674653 -16.428148
-54.984356 -16.428148
-54.294059 -16.428148
-53.603762 -16.428148
-52.913465 -16.428148
-52.223168 -16.428148
-51.532871 -16.428148
-50.842574 -16.428148
-50.152277 -16.428148
-49.461980 -16.428148
-48.771683 -16.428148
-48.081386 -16.428148
-47.391089 -16.428148
-46.700792 -16.428148
-46.010495 -16.428148
-45.320198 -16.428148
-44.629901 -16.428148
-43.939604 -16.428148
-43.249307 -16.428148
-42.559010 -16.428148
-41.868713 -16.428148
-41.178416 -16.428148
-40.488119 -16.428148
-39.797822 -16.428148
-39.107525 -16.428148
-38.417228 -16.428148
-37.726931 -16.428148
-64.993663 -15.737407
-64.303366 -15.737407
-63.613069 -15.737407
-62.922772 -15.737407
-62.232475 -15.737407
-61.542178 -15.737407
-60.851881 -15.737407
-60.161584 -15.737407
-59.471287 -15.737407
-58.780990 -15.737407
-58.090693 -15.737407
-57.400396 -15.737407
-56.710099 -15.737407
-56.019802 -15.737407
-55.329505 -15.737407
-54.639208 -15.737407
-53.948911 -15.737407
-53.258614 -15.737407
-52.568317 -15.737407
-51.878020 -15.737407
-51.187723 -15.737407
-50.497426 -15.737407
-49.807129 -15.737407
-49.116832 -15.737407
-48.426535 -15.737407
-47.736238 -15.737407
-47.045941 -15.737407
-46.355644 -15.737407
-45.665347 -15.737407
-44.975050 -15.737407
-44.284752 -15.737407
-43.594455 -15.737407
-42.904158 -15.737407
-42.213861 -15.737407
-41.523564 -15.737407
-40.833267 -15.737407
-40.142970 -15.737407
-39.452673 -15.737407
-38.762376 -15.737407
-38.072079 -15.737407
-37.381782 -15.737407
-65.338812 -15.046667
-64.648515 -15.046667
-63.958218 -15.046667
-63.267921 -15.046667
-62.577624 -15.046667
-61.887327 -15.046667
-61.197030 -15.046667
-60.506733 -15.046667
-59.816436 -15.046667
-59.126139 -15.046667
-58.435842 -15.046667
-57.745545 -15.046667
-57.055248 -15.046667
-56.364950 -15.046667
-55.674653 -15.046667
-54.984356 -15.046667
-54.294059 -15.046667
-53.603762 -15.046667
-52.913465 -15.046667
-52.223168 -15.046667
-51.532871 -15.046667
-50.842574 -15.046667
-50.152277 -15.046667
-49.461980 -15.046667
-48.771683 -15.046667
-48.081386 -15.046667
-47.391089 -15.046667
-46.700792 -15.046667
-46.010495 -15.046667
-45.320198 -15.046667
-44.629901 -15.046667
-43.939604 -15.046667
-43.249307 -15.046667
-42.559010 -15.046667
-41.868713 -15.046667
-41.178416 -15.046667
-40.488119 -15.046667
-39.797822 -15.046667
-39.107525 -15.046667
-38.417228 -15.046667
-37.726931 -15.046667
-37.036634 -15.046667
-64.993663 -14.355926
-64.303366 -14.355926
-63.613069 -14.355926
-62.922772 -14.355926
-62.232475 -14.355926
-61.542178 -14.355926
-60.851881 -14.355926
-60.161584 -14.355926
-59.471287 -14.355926
-58.780990 -14.355926
-58.090693 -14.355926
-57.400396 -14.355926
-56.710099 -14.355926
-56.019802 -14.355926
-55.329505 -14.355926
-54.639208 -14.355926
-53.948911 -14.355926
-53.258614 -14.355926
-52.568317 -14.355926
-51.878020 -14.355926
-51.187723 -14.355926
-50.497426 -14.355926
-49.807129 -14.355926
-49.116832 -14.355926
-48.426535 -14.355926
-47.736238 -14.355926
-47.045941 -14.355926
-46.355644 -14.355926
-45.665347 -14.355926
-44.975050 -14.355926
-44.284752 -14.355926
-43.594455 -14.355926
-42.904158 -14.355926
-42.213861 -14.355926
-41.523564 -14.355926
-40.833267 -14.355926
-40.142970 -14.355926
-39.452673 -14.355926
-38.762376 -14.355926
-38.072079 -14.355926
-37.381782 -14.355926
-36.691485 -14.355926
-65.338812 -13.665185
-64.648515 -13.665185
-63.958218 -13.665185
-63.267921 -13.665185
-62.577624 -13.665185
-61.887327 -13.665185
-61.197030 -13.665185
-60.506733 -13.665185
-59.816436 -13.665185
-59.126139 -13.665185
-58.435842 -13.665185
-57.745545 -13.665185
-57.055248 -13.665185
-56.364950 -13.665185
-55.674653 -13.665185
-54.984356 -13.665185
-54.294059 -13.665185
-53.603762 -13.665185
-52.913465 -13.665185
-52.223168 -13.665185
-51.532871 -13.665185
-50.842574 -13.665185
-50.152277 -13.665185
-49.461980 -13.665185
-48.771683 -13.665185
-48.081386 -13.665185
-47.391089 -13.665185
-46.700792 -13.665185
-46.010495 -13.665185
-45.320198 -13.665185
-44.629901 -13.665185
-43.939604 -13.665185
-43.249307 -13.665185
-42.559010 -13.665185
-41.868713 -13.665185
-41.178416 -13.665185
-40.488119 -13.665185
-39.797822 -13.665185
-39.107525 -13.665185
-38.417228 -13.665185
-37.726931 -13.665185
-37.036634 -13.665185
-65.683960 -12.974444
-64.993663 -12.974444
-64.303366 -12.974444
-63.613069 -12.974444
-62.922772 -12.974444
-62.232475 -12.974444
-61.542178 -12.974444
-60.851881 -12.974444
-60.161584 -12.974444
-59.471287 -12.974444
-58.780990 -12.974444
-58.090693 -12.974444
-57.400396 -12.974444
-56.710099 -12.974444
-56.019802 -12.974444
-55.329505 -12.974444
-54.639208 -12.974444
-53.948911 -12.974444
-53.258614 -12.974444
-52.568317 -12.974444
-51.878020 -12.974444
-51.187723 -12.974444
-50.497426 -12.974444
-49.807129 -12.974444
-49.116832 -12.974444
-48.426535 -12.974444
-47.736238 -12.974444
-47.045941 -12.974444
-46.355644 -12.974444
-45.665347 -12.974444
-44.975050 -12.974444
-44.284752 -12.974444
-43.594455 -12.974444
-42.904158 -12.974444
-42.213861 -12.974444
-41.523564 -12.974444
-40.833267 -12.974444
-40.142970 -12.974444
-39.452673 -12.974444
-38.762376 -12.974444
-38.072079 -12.974444
-37.381782 -12.974444
-36.691485 -12.974444
-36.001188 -12.974444
-66.029109 -12.283704
-65.338812 -12.283704
-64.648515 -12.283704
-63.958218 -12.283704
-63.267921 -12.283704
-62.577624 -12.283704
-61.887327 -12.283704
-61.197030 -12.283704
-60.506733 -12.283704
-59.816436 -12.283704
-59.126139 -12.283704
-58.435842 -12.283704
-57.745545 -12.283704
-57.055248 -12.283704
-56.364950 -12.283704
-55.674653 -12.283704
-54.984356 -12.283704
-54.294059 -12.283704
-53.603762 -12.283704
-52.913465 -12.283704
-52.223168 -12.283704
-51.532871 -12.283704
-50.842574 -12.283704
-50.152277 -12.283704
-49.461980 -12.283704
-48.771683 -12.283704
-48.081386 -12.283704
-47.391089 -12.283704
-46.700792 -12.283704
-46.010495 -12.283704
-45.320198 -12.283704
-44.629901 -12.283704
-43.939604 -12.283704
-43.249307 -12.283704
-42.559010 -12.283704
-41.868713 -12.283704
-41.178416 -12.283704
-40.488119 -12.283704
-39.797822 -12.283704
-39.107525 -12.283704
-38.417228 -12.283704
-37.726931 -12.283704
-37.036634 -12.283704
-36.346337 -12.283704
-35.656040 -12.283704
-66.374257 -11.592963
-65.683960 -11.592963
-64.993663 -11.592963
-64.303366 -11.592963
-63.613069 -11.592963
-62.922772 -11.592963
-62.232475 -11.592963
-61.542178 -11.592963
-60.851881 -11.592963
-60.161584 -11.592963
-59.471287 -11.592963
-58.780990 -11.592963
-58.090693 -11.592963
-57.400396 -11.592963
-56.710099 -11.592963
-56.019802 -11.592963
-55.329505 -11.592963
-54.639208 -11.592963
-53.948911 -11.592963
-53.258614 -11.592963
-52.568317 -11.592963
-51.878020 -11.592963
-51.187723 -11.592963
-50.497426 -11.592963
-49.807129 -11.592963
-49.116832 -11.592963
-48.426535 -11.592963
-47.736238 -11.592963
-47.045941 -11.592963
-46.355644 -11.592963
-45.665347 -11.592963
-44.975050 -11.592963
-44.284752 -11.592963
-43.594455 -11.592963
-42.904158 -11.592963
-42.213861 -11.592963
-41.523564 -11.592963
-40.833267 -11.592963
-40.142970 -11.592963
-39.452673 -11.592963
-38.762376 -11.592963
-38.072079 -11.592963
-37.381782 -11.592963
-36.691485 -11.592963
-36.001188 -11.592963
-35.310891 -11.592963
-66.029109 -10.902222
-65.338812 -10.902222
-64.648515 -10.902222
-63.958218 -10.902222
-63.267921 -10.902222
-62.577624 -10.902222
-61.887327 -10.902222
-61.197030 -10.902222
-60.506733 -10.902222
-59.816436 -10.902222
-59.126139 -10.902222
-58.435842 -10.902222
-57.745545 -10.902222
-57.055248 -10.902222
-56.364950 -10.902222
-55.674653 -10.902222
-54.984356 -10.902222
-54.294059 -10.902222
-53.603762 -10.902222
-52.913465 -10.902222
-52.223168 -10.902222
-51.532871 -10.902222
-50.842574 -10.902222
-50.152277 -10.902222
-49.461980 -10.902222
-48.771683 -10.902222
-48.081386 -10.902222
-47.391089 -10.902222
-46.700792 -10.902222
-46.010495 -10.902222
-45.320198 -10.902222
-44.629901 -10.902222
-43.939604 -10.902222
-43.249307 -10.902222
-42.559010 -10.902222
-41.868713 -10.902222
-41.178416 -10.902222
-40.488119 -10.902222
-39.797822 -10.902222
-39.107525 -10.902222
-38.417228 -10.902222
-37.726931 -10.902222
-37.036634 -10.902222
-36.346337 -10.902222
-35.656040 -10.902222
-34.965743 -10.902222
-66.374257 -10.211481
-65.683960 -10.211481
-64.993663 -10.211481
-64.303366 -10.211481
-63.613069 -10.211481
-62.922772 -10.211481
-62.232475 -10.211481
-61.542178 -10.211481
-60.851881 -10.211481
-60.161584 -10.211481
-59.471287 -10.211481
-58.780990 -10.211481
-58.090693 -10.211481
-57.400396 -10.211481
-56.710099 -10.211481
-56.019802 -10.211481
-55.329505 -10.211481
-54.639208 -10.211481
-53.948911 -10.211481
-53.258614 -10.211481
-52.568317 -10.211481
-51.878020 -10.211481
-51.187723 -10.211481
-50.497426 -10.211481
-49.807129 -10.211481
-49.116832 -10.211481
-48.426535 -10.211481
-47.736238 -10.211481
-47.045941 -10.211481
-46.355644 -10.211481
-45.665347 -10.211481
-44.975050 -10.211481
-44.284752 -10.211481
-43.594455 -10.211481
-42.904158 -10.211481
-42.213861 -10.211481
-41.523564 -10.211481
-40.833267 -10.211481
-40.142970 -10.211481
-39.452673 -10.211481
-38.762376 -10.211481
-38.072079 -10.211481
-37.381782 -10.211481
-36.691485 -10.211481
-36.001188 -10.211481
-35.310891 -10.211481
-34.620594 -10.211481
-66.719406  -9.520741
-66.029109  -9.520741
-65.338812  -9.520741
-64.648515  -9.520741
-63.958218  -9.520741
-63.267921  -9.520741
-62.577624  -9.520741
-61.887327  -9.520741
-61.197030  -9.520741
-60.506733  -9.520741
-59.816436  -9.520741
-59.126139  -9.520741
-58.435842  -9.520741
-57.745545  -9.520741
-57.055248  -9.520741
-56.364950  -9.520741
-55.674653  -9.520741
-54.984356  -9.520741
-54.294059  -9.520741
-53.603762  -9.520741
-52.913465  -9.520741
-52.223168  -9.520741
-51.532871  -9.520741
-50.842574  -9.520741
-50.152277  -9.520741
-49.461980  -9.520741
-48.771683  -9.520741
-48.081386  -9.520741
-47.391089  -9.520741
-46.700792  -9.520741
-46.010495  -9.520741
-45.320198  -9.520741
-44.629901  -9.520741
-43.939604  -9.520741
-43.249307  -9.520741
-42.559010  -9.520741
-41.868713  -9.520741
-41.178416  -9.520741
-40.488119  -9.520741
-39.797822  -9.520741
-39.107525  -9.520741
-38.417228  -9.520741
-37.726931  -9.520741
-37.036634  -9.520741
-36.346337  -9.520741
-35.656040  -9.520741
-34.965743  -9.520741
-34.275446  -9.520741
-67.064554  -8.830000
-66.374257  -8.830000
-65.683960  -8.830000
-64.993663  -8.830000
-64.303366  -8.830000
-63.613069  -8.830000
-62.922772  -8.830000
-62.232475  -8.830000
-61.542178  -8.830000
-60.851881  -8.830000
-60.161584  -8.830000
-59.471287  -8.830000
-58.780990  -8.830000
-58.090693  -8.830000
-57.400396  -8.830000
-56.710099  -8.830000
-56.019802  -8.830000
-55.329505  -8.830000
-54.639208  -8.830000
-53.948911  -8.830000
-53.258614  -8.830000
-52.568317  -8.830000
-51.878020  -8.830000
-51.187723  -8.830000
-50.497426  -8.830000
-49.807129  -8.830000
-49.116832  -8.830000
-48.426535  -8.830000
-47.736238  -8.830000
-47.045941  -8.830000
-46.355644  -8.830000
-45.665347  -8.830000
-44.975050  -8.830000
-44.284752  -8.830000
-43.594455  -8.830000
-42.904158  -8.830000
-42.213861  -8.830000
-41.523564  -8.830000
-40.833267  -8.830000
-40.142970  -8.830000
-39.452673  -8.830000
-38.762376  -8.830000
-38.072079  -8.830000
-37.381782  -8.830000
-36.691485  -8.830000
-36.001188  -8.830000
-35.310891  -8.830000
-34.620594  -8.830000
-33.930297  -8.830000
-66.719406  -8.139259
-66.029109  -8.139259
-65.338812  -8.139259
-64.648515  -8.139259
-63.958218  -8.139259
-63.267921  -8.139259
-62.577624  -8.139259
-61.887327  -8.139259
-61.197030  -8.139259
-60.506733  -8.139259
-59.816436  -8.139259
-59.126139  -8.139259
-58.435842  -8.139259
-57.745545  -8.139259
-57.055248  -8.139259
-56.364950  -8.139259
-55.674653  -8.139259
-54.984356  -8.139259
-54.294059  -8.139259
-53.603762  -8.139259
-52.913465  -8.139259
-52.223168  -8.139259
-51.532871  -8.139259
-50.842574  -8.139259
-50.152277  -8.139259
-49.461980  -8.139259
-48.771683  -8.139259
-48.081386  -8.139259
-47.391089  -8.139259
-46.700792  -8.139259
-46.010495  -8.139259
-45.320198  -8.139259
-44.629901  -8.139259
-43.939604  -8.139259
-43.249307  -8.139259
-42.559010  -8.139259
-41.868713  -8.139259
-41.178416  -8.139259
-40.488119  -8.139259
-39.797822  -8.139259
-39.107525  -8.139259
-38.417228  -8.139259
-37.726931  -8.139259
-37.036634  -8.139259
-36.346337  -8.139259
-35.656040  -8.139259
-34.965743  -8.139259
-34.275446  -8.139259
-33.585149  -8.139259
-67.064554  -7.448519
-66.374257  -7.448519
-65.683960  -7.448519
-64.993663  -7.448519
-64.303366  -7.448519
-63.613069  -7.448519
-62.922772  -7.448519
-62.232475  -7.448519
-61.542178  -7.448519
-60.851881  -7.448519
-60.161584  -7.448519
-59.471287  -7.448519
-58.780990  -7.448519
-58.090693  -7.448519
-57.400396  -7.448519
-56.710099  -7.448519
-56.019802  -7.448519
-55.329505  -7.448519
-54.639208  -7.448519
-53.948911  -7.448519
-53.258614  -7.448519
-52.568317  -7.448519
-51.878020  -7.448519
-51.187723  -7.448519
-50.497426  -7.448519
-49.807129  -7.448519
-49.116832  -7.448519
-48.426535  -7.448519
-47.736238  -7.448519
-47.045941  -7.448519
-46.355644  -7.448519
-45.665347  -7.448519
-44.975050  -7.448519
-44.284752  -7.448519
-43.594455  -7.448519
-42.904158  -7.448519
-42.213861  -7.448519
-41.523564  -7.448519
-40.833267  -7.448519
-40.142970  -7.448519
-39.452673  -7.448519
-38.762376  -7.448519
-38.072079  -7.448519
-37.381782  -7.448519
-36.691485  -7.448519
-36.001188  -7.448519
-35.310891  -7.448519
-34.620594  -7.448519
-33.930297  -7.448519
-67.409703  -6.757778
-66.719406  -6.757778
-66.029109  -6.757778
-65.338812  -6.757778
-64.648515  -6.757778
-63.958218  -6.757778
-63.267921  -6.757778
-62.577624  -6.757778
-61.887327  -6.757778
-61.197030  -6.757778
-60.506733  -6.757778
-59.816436  -6.757778
-59.126139  -6.757778
-58.435842  -6.757778
-57.745545  -6.757778
-57.055248  -6.757778
-56.364950  -6.757778
-55.674653  -6.757778
-54.984356  -6.757778
-54.294059  -6.757778
-53.603762  -6.757778
-52.913465  -6.757778
-52.223168  -6.757778
-51.532871  -6.757778
-50.842574  -6.757778
-50.152277  -6.757778
-49.461980  -6.757778
-48.771683  -6.757778
-48.081386  -6.757778
-47.391089  -6.757778
-46.700792  -6.757778
-46.010495  -6.757778
-45.320198  -6.757778
-44.629901  -6.757778
-43.939604  -6.757778
-43.249307  -6.757778
-42.559010  -6.757778
-41.868713  -6.757778
-41.178416  -6.757778
-40.488119  -6.757778
-39.797822  -6.757778
-39.107525  -6.757778
-38.417228  -6.757778
-37.726931  -6.757778
-37.036634  -6.757778
-36.346337  -6.757778
-35.656040  -6.757778
-34.965743  -6.757778
-34.275446  -6.757778
-67.064554  -6.067037
-66.374257  -6.067037
-65.683960  -6.067037
-64.993663  -6.067037
-64.303366  -6.067037
-63.613069  -6.067037
-62.922772  -6.067037
-62.232475  -6.067037
-61.542178  -6.067037
-60.851881  -6.067037
-60.161584  -6.067037
-59.471287  -6.067037
-58.780990  -6.067037
-58.090693  -6.067037
-57.400396  -6.067037
-56.710099  -6.067037
-56.019802  -6.067037
-55.329505  -6.067037
-54.639208  -6.067037
-53.948911  -6.067037
-53.258614  -6.067037
-52.568317  -6.067037
-51.878020  -6.067037
-51.187723  -6.067037
-50.497426  -6.067037
-49.807129  -6.067037
-49.116832  -6.067037
-48.426535  -6.067037
-47.736238  -6.067037
-47.045941  -6.067037
-46.355644  -6.067037
-45.665347  -6.067037
-44.975050  -6.067037
-44.284752  -6.067037
-43.594455  -6.067037
-42.904158  -6.067037
-42.213861  -6.067037
-41.523564  -6.067037
-40.833267  -6.067037
-40.142970  -6.067037
-39.452673  -6.067037
-38.762376  -6.067037
-38.072079  -6.067037
-37.381782  -6.067037
-36.691485  -6.067037
-36.001188  -6.067037
-35.310891  -6.067037
-34.620594  -6.067037
-67.409703  -5.376296
-66.719406  -5.376296
-66.029109  -5.376296
-65.338812  -5.376296
-64.648515  -5.376296
-63.958218  -5.376296
-63.267921  -5.376296
-62.577624  -5.376296
-61.887327  -5.376296
-61.197030  -5.376296
-60.506733  -5.376296
-59.816436  -5.376296
-59.126139  -5.376296
-58.435842  -5.376296
-57.745545  -5.376296
-57.055248  -5.376296
-56.364950  -5.376296
-55.674653  -5.376296
-54.984356  -5.376296
-54.294059  -5.376296
-53.603762  -5.376296
-52.913465  -5.376296
-52.223168  -5.376296
-51.532871  -5.376296
-50.842574  -5.376296
-50.152277  -5.376296
-49.461980  -5.376296
-48.771683  -5.376296
-48.081386  -5.376296
-47.391089  -5.376296
-46.700792  -5.376296
-46.010495  -5.376296
-45.320198  -5.376296
-44.629901  -5.376296
-43.939604  -5.376296
-43.249307  -5.376296
-42.559010  -5.376296
-41.868713  -5.376296
-41.178416  -5.376296
-40.488119  -5.376296
-39.797822  -5.376296
-39.107525  -5.376296
-38.417228  -5.376296
-37.726931  -5.376296
-37.036634  -5.376296
-36.346337  -5.376296
-35.656040  -5.376296
-34.965743  -5.376296
-67.064554  -4.685556
-66.374257  -4.685556
-65.683960  -4.685556
-64.993663  -4.685556
-64.303366  -4.685556
-63.613069  -4.685556
-62.922772  -4.685556
-62.232475  -4.685556
-61.542178  -4.685556
-60.851881  -4.685556
-60.161584  -4.685556
-59.471287  -4.685556
-58.780990  -4.685556
-58.090693  -4.685556
-57.400396  -4.685556
-56.710099  -4.685556
-56.019802  -4.685556
-55.329505  -4.685556
-54.639208  -4.685556
-53.948911  -4.685556
-53.258614  -4.685556
-52.568317  -4.685556
-51.878020  -4.685556
-51.187723  -4.685556
-50.497426  -4.685556
-49.807129  -4.685556
-49.116832  -4.685556
-48.426535  -4.685556
-47.736238  -4.685556
-47.045941  -4.685556
-46.355644  -4.685556
-45.665347  -4.685556
-44.975050  -4.685556
-44.284752  -4.685556
-43.594455  -4.685556
-42.904158  -4.685556
-42.213861  -4.685556
-41.523564  -4.685556
-40.833267  -4.685556
-40.142970  -4.685556
-39.452673  -4.685556
-38.762376  -4.685556
-38.072079  -4.685556
-37.381782  -4.685556
-36.691485  -4.685556
-36.001188  -4.685556
-35.310891  -4.685556
-67.409703  -3.994815
-66.719406  -3.994815
-66.029109  -3.994815
-65.338812  -3.994815
-64.648515  -3.994815
-63.958218  -3.994815
-63.267921  -3.994815
-62.577624  -3.994815
-61.887327  -3.994815
-61.197030  -3.994815
-60.506733  -3.994815
-59.816436  -3.994815
-59.126139  -3.994815
-58.435842  -3.994815
-57.745545  -3.994815
-57.055248  -3.994815
-56.364950  -3.994815
-55.674653  -3.994815
-54.984356  -3.994815
-54.294059  -3.994815
-53.603762  -3.994815
-52.913465  -3.994815
-52.223168  -3.994815
-51.532871  -3.994815
-50.842574  -3.994815
-50.152277  -3.994815
-49.461980  -3.994815
-48.771683  -3.994815
-48.081386  -3.994815
-47.391089  -3.994815
-46.700792  -3.994815
-46.010495  -3.994815
-45.320198  -3.994815
-44.629901  -3.994815
-43.939604  -3.994815
-43.249307  -3.994815
-42.559010  -3.994815
-41.868713  -3.994815
-41.178416  -3.994815
-40.488119  -3.994815
-39.797822  -3.994815
-39.107525  -3.994815
-38.417228  -3.994815
-37.726931  -3.994815
-37.036634  -3.994815
-36.346337  -3.994815
-35.656040  -3.994815
-34.965743  -3.994815
-67.754851  -3.304074
-67.064554  -3.304074
-66.374257  -3.304074
-65.683960  -3.304074
-64.993663  -3.304074
-64.303366  -3.304074
-63.613069  -3.304074
-62.922772  -3.304074
-62.232475  -3.304074
-61.542178  -3.304074
-60.851881  -3.304074
-60.161584  -3.304074
-59.471287  -3.304074
-58.780990  -3.304074
-58.090693  -3.304074
-57.400396  -3.304074
-56.710099  -3.304074
-56.019802  -3.304074
-55.329505  -3.304074
-54.639208  -3.304074
-53.948911  -3.304074
-53.258614  -3.304074
-52.568317  -3.304074
-51.878020  -3.304074
-51.187723  -3.304074
-50.497426  -3.304074
-49.807129  -3.304074
-49.116832  -3.304074
-48.426535  -3.304074
-47.736238  -3.304074
-47.045941  -3.304074
-46.355644  -3.304074
-45.665347  -3.304074
-44.975050  -3.304074
-44.284752  -3.304074
-43.594455  -3.304074
-42.904158  -3.304074
-42.213861  -3.304074
-41.523564  -3.304074
-40.833267  -3.304074
-40.142970  -3.304074
-39.452673  -3.304074
-38.762376  -3.304074
-38.072079  -3.304074
-37.381782  -3.304074
-36.691485  -3.304074
-36.001188  -3.304074
-67.409703  -2.613333
-66.719406  -2.613333
-66.029109  -2.613333
-65.338812  -2.613333
-64.648515  -2.613333
-63.958218  -2.613333
-63.267921  -2.613333
-62.577624  -2.613333
-61.887327  -2.613333
-61.197030  -2.613333
-60.506733  -2.613333
-59.816436  -2.613333
-59.126139  -2.613333
-58.435842  -2.613333
-57.745545  -2.613333
-57.055248  -2.613333
-56.364950  -2.613333
-55.674653  -2.613333
-54.984356  -2.613333
-54.294059  -2.613333
-53.603762  -2.613333
-52.913465  -2.613333
-52.223168  -2.613333
-51.532871  -2.613333
-50.842574  -2.613333
-50.152277  -2.613333
-49.461980  -2.613333
-48.771683  -2.613333
-48.081386  -2.613333
-47.391089  -2.613333
-46.700792  -2.613333
-46.010495  -2.613333
-45.320198  -2.613333
-44.629901  -2.613333
-43.939604  -2.613333
-43.249307  -2.613333
-42.559010  -2.613333
-41.868713  -2.613333
-41.178416  -2.613333
-40.488119  -2.613333
-39.797822  -2.613333
-39.107525  -2.613333
-38.417228  -2.613333
-37.726931  -2.613333
-37.036634  -2.613333
-67.754851  -1.922593
-67.064554  -1.922593
-66.374257  -1.922593
-65.683960  -1.922593
-64.993663  -1.922593
-64.303366  -1.922593
-63.613069  -1.922593
-62.922772  -1.922593
-62.232475  -1.922593
-61.542178  -1.922593
-60.851881  -1.922593
-60.161584  -1.922593
-59.471287  -1.922593
-58.780990  -1.922593
-58.090693  -1.922593
-57.400396  -1.922593
-56.710099  -1.922593
-56.019802  -1.922593
-55.329505  -1.922593
-54.639208  -1.922593
-53.948911  -1.922593
-53.258614  -1.922593
-52.568317  -1.922593
-51.878020  -1.922593
-51.187723  -1.922593
-50.497426  -1.922593
-49.807129  -1.922593
-49.116832  -1.922593
-48.426535  -1.922593
-47.736238  -1.922593
-47.045941  -1.922593
-46.355644  -1.922593
-45.665347  -1.922593
-44.975050  -1.922593
-44.284752  -1.922593
-43.594455  -1.922593
-42.904158  -1.922593
-42.213861  -1.922593
-41.523564  -1.922593
-40.833267  -1.922593
-40.142970  -1.922593
-39.452673  -1.922593
-38.762376  -1.922593
-38.072079  -1.922593
-67.409703  -1.231852
-66.719406  -1.231852
-66.029109  -1.231852
-65.338812  -1.231852
-64.648515  -1.231852
-63.958218  -1.231852
-63.267921  -1.231852
-62.577624  -1.231852
-61.887327  -1.231852
-61.197030  -1.231852
-60.506733  -1.231852
-59.816436  -1.231852
-59.126139  -1.231852
-58.435842  -1.231852
-57.745545  -1.231852
-57.055248  -1.231852
-56.364950  -1.231852
-55.674653  -1.231852
-54.984356  -1.231852
-54.294059  -1.231852
-53.603762  -1.231852
-52.913465  -1.231852
-52.223168  -1.231852
-51.532871  -1.231852
-50.842574  -1.231852
-50.152277  -1.231852
-49.461980  -1.231852
-48.771683  -1.231852
-48.081386  -1.231852
-47.391089  -1.231852
-46.700792  -1.231852
-46.010495  -1.231852
-45.320198  -1.231852
-44.629901  -1.231852
-43.939604  -1.231852
-43.249307  -1.231852
-42.559010  -1.231852
-41.868713  -1.231852
-41.178416  -1.231852
-40.488119  -1.231852
-39.797822  -1.231852
-67.754851  -0.541111
-67.064554  -0.541111
-66.374257  -0.541111
-65.683960  -0.541111
-64.993663  -0.541111
-64.303366  -0.541111
-63.613069  -0.541111
-62.922772  -0.541111
-62.232475  -0.541111
-61.542178  -0.541111
-60.851881  -0.541111
-60.161584  -0.541111
-59.471287  -0.541111
-58.780990  -0.541111
-58.090693  -0.541111
-57.400396  -0.541111
-56.710099  -0.541111
-56.019802  -0.541111
-55.329505  -0.541111
-54.639208  -0.541111
-53.948911  -0.541111
-53.258614  -0.541111
-52.568317  -0.541111
-51.878020  -0.541111
-51.187723  -0.541111
-50.497426  -0.541111
-49.807129  -0.541111
-49.116832  -0.541111
-48.426535  -0.541111
-47.736238  -0.541111
-47.045941  -0.541111
-46.355644  -0.541111
-45.665347  -0.541111
-44.975050  -0.541111
-44.284752  -0.541111
-43.594455  -0.541111
-42.904158  -0.541111
-42.213861  -0.541111
-41.523564  -0.541111
-40.833267  -0.541111
-68.100000   0.149630
-67.409703   0.149630
-66.719406   0.149630
-66.029109   0.149630
-65.338812   0.149630
-64.648515   0.149630
-63.958218   0.149630
-63.267921   0.149630
-62.577624   0.149630
-61.887327   0.149630
-61.197030   0.149630
-60.506733   0.149630
-59.816436   0.149630
-59.126139   0.149630
-58.435842   0.149630
-57.745545   0.149630
-57.055248   0.149630
-56.364950   0.149630
-55.674653   0.149630
-54.984356   0.149630
-54.294059   0.149630
-53.603762   0.149630
-52.913465   0.149630
-52.223168   0.149630
-51.532871   0.149630
-50.842574   0.149630
-50.152277   0.149630
-49.461980   0.149630
-48.771683   0.149630
-48.081386   0.149630
-47.391089   0.149630
-46.700792   0.149630
-46.010495   0.149630
-45.320198   0.149630
-44.629901   0.149630
-43.939604   0.149630
-43.249307   0.149630
-42.559010   0.149630
-67.754851   0.840370
-67.064554   0.840370
-66.374257   0.840370
-65.683960   0.840370
-64.993663   0.840370
-64.303366   0.840370
-63.613069   0.840370
-62.922772   0.840370
-62.232475   0.840370
-61.542178   0.840370
-60.851881   0.840370
-60.161584   0.840370
-59.471287   0.840370
-58.780990   0.840370
-58.090693   0.840370
-57.400396   0.840370
-56.710099   0.840370
-56.019802   0.840370
-55.329505   0.840370
-54.639208   0.840370
-53.948911   0.840370
-53.258614   0.840370
-52.568317   0.840370
-51.878020   0.840370
-51.187723   0.840370
-50.497426   0.840370
-49.807129   0.840370
-49.116832   0.840370
-48.426535   0.840370
-47.736238   0.840370
-47.045941   0.840370
-46.355644   0.840370
-45.665347   0.840370
-44.975050   0.840370
-44.284752   0.840370
-68.100000   1.531111
-67.409703   1.531111
-66.719406   1.531111
-66.029109   1.531111
-65.338812   1.531111
-64.648515   1.531111
-63.958218   1.531111
-63.267921   1.531111
-62.577624   1.531111
-61.887327   1.531111
-61.197030   1.531111
-60.506733   1.531111
-59.816436   1.531111
-59.126139   1.531111
-58.435842   1.531111
-57.745545   1.531111
-57.055248   1.531111
-56.364950   1.531111
-55.674653   1.531111
-54.984356   1.531111
-54.294059   1.531111
-53.603762   1.531111
-52.913465   1.531111
-52.223168   1.531111
-51.532871   1.531111
-50.842574   1.531111
-50.152277   1.531111
-49.461980   1.531111
-48.771683   1.531111
-48.081386   1.531111
-47.391089   1.531111
-46.700792   1.531111
-46.010495   1.531111
-45.320198   1.531111
-67.754851   2.221852
-67.064554   2.221852
-66.374257   2.221852
-65.683960   2.221852
-64.993663   2.221852
-64.303366   2.221852
-63.613069   2.221852
-62.922772   2.221852
-62.232475   2.221852
-61.542178   2.221852
-60.851881   2.221852
-60.161584   2.221852
-59.471287   2.221852
-58.780990   2.221852
-58.090693   2.221852
-57.400396   2.221852
-56.710099   2.221852
-56.019802   2.221852
-55.329505   2.221852
-54.639208   2.221852
-53.948911   2.221852
-53.258614   2.221852
-52.568317   2.221852
-51.878020   2.221852
-51.187723   2.221852
-50.497426   2.221852
-49.807129   2.221852
-49.116832   2.221852
-48.426535   2.221852
-47.736238   2.221852
-47.045941   2.221852
-46.355644   2.221852
-45.665347   2.221852
-68.100000   2.912593
-67.409703   2.912593
-66.719406   2.912593
-66.029109   2.912593
-65.338812   2.912593
-64.648515   2.912593
-63.958218   2.912593
-63.267921   2.912593
-62.577624   2.912593
-61.887327   2.912593
-61.197030   2.912593
-60.506733   2.912593
-59.816436   2.912593
-59.126139   2.912593
-58.435842   2.912593
-57.745545   2.912593
-57.055248   2.912593
-56.364950   2.912593
-55.674653   2.912593
-54.984356   2.912593
-54.294059   2.912593
-53.603762   2.912593
-52.913465   2.912593
-52.223168   2.912593
-51.532871   2.912593
-50.842574   2.912593
-50.152277   2.912593
-49.461980   2.912593
-48.771683   2.912593
-48.081386   2.912593
-47.391089   2.912593
-46.700792   2.912593
-67.754851   3.603333
-67.064554   3.603333
-66.374257   3.603333
-65.683960   3.603333
-64.993663   3.603333
-64.303366   3.603333
-63.613069   3.603333
-62.922772   3.603333
-62.232475   3.603333
-61.542178   3.603333
-60.851881   3.603333
-60.161584   3.603333
-59.471287   3.603333
-58.780990   3.603333
-58.090693   3.603333
-57.400396   3.603333
-56.710099   3.603333
-56.019802   3.603333
-55.329505   3.603333
-54.639208   3.603333
-53.948911   3.603333
-53.258614   3.603333
-52.568317   3.603333
-51.878020   3.603333
-51.187723   3.603333
-50.497426   3.603333
-49.807129   3.603333
-49.116832   3.603333
-48.426535   3.603333
-47.736238   3.603333
-47.045941   3.603333
-67.409703   4.294074
-66.719406   4.294074
-66.029109   4.294074
-65.338812   4.294074
-64.648515   4.294074
-63.958218   4.294074
-63.267921   4.294074
-62.577624   4.294074
-61.887327   4.294074
-61.197030   4.294074
-60.506733   4.294074
-59.816436   4.294074
-59.126139   4.294074
-58.435842   4.294074
-57.745545   4.294074
-57.055248   4.294074
-56.364950   4.294074
-55.674653   4.294074
-54.984356   4.294074
-54.294059   4.294074
-53.603762   4.294074
-52.913465   4.294074
-52.223168   4.294074
-51.532871   4.294074
-50.842574   4.294074
-50.152277   4.294074
-49.461980   4.294074
-48.771683   4.294074
-48.081386   4.294074
-47.391089   4.294074
-67.064554   4.984815
-66.374257   4.984815
-65.683960   4.984815
-64.993663   4.984815
-64.303366   4.984815
-63.613069   4.984815
-62.922772   4.984815
-62.232475   4.984815
-61.542178   4.984815
-60.851881   4.984815
-60.161584   4.984815
-59.471287   4.984815
-58.780990   4.984815
-58.090693   4.984815
-57.400396   4.984815
-56.710099   4.984815
-56.019802   4.984815
-55.329505   4.984815
-54.639208   4.984815
-53.948911   4.984815
-53.258614   4.984815
-52.568317   4.984815
-51.878020   4.984815
-51.187723   4.984815
-50.497426   4.984815
-49.807129   4.984815
-49.116832   4.984815
-48.426535   4.984815
-66.029109   5.675556
-65.338812   5.675556
-64.648515   5.675556
-63.958218   5.675556
-63.267921   5.675556
-62.577624   5.675556
-61.887327   5.675556
-61.197030   5.675556
-60.506733   5.675556
-59.816436   5.675556
-59.126139   5.675556
-58.435842   5.675556
-57.745545   5.675556
-57.055248   5.675556
-56.364950   5.675556
-55.674653   5.675556
-54.984356   5.675556
-54.294059   5.675556
-53.603762   5.675556
-52.913465   5.675556
-52.223168   5.675556
-51.532871   5.675556
-50.842574   5.675556
-50.152277   5.675556
-49.461980   5.675556
-65.683960   6.366296
-64.993663   6.366296
-64.303366   6.366296
-63.613069   6.366296
-62.922772   6.366296
-62.232475   6.366296
-61.542178   6.366296
-60.851881   6.366296
-60.161584   6.366296
-59.471287   6.366296
-58.780990   6.366296
-58.090693   6.366296
-57.400396   6.366296
-56.710099   6.366296
-56.019802   6.366296
-55.329505   6.366296
-54.639208   6.366296
-53.948911   6.366296
-53.258614   6.366296
-52.568317   6.366296
-51.878020   6.366296
-51.187723   6.366296
-50.497426   6.366296
-49.807129   6.366296
-65.338812   7.057037
-64.648515   7.057037
-63.958218   7.057037
-63.267921   7.057037
-62.577624   7.057037
-61.887327   7.057037
-61.197030   7.057037
-60.506733   7.057037
-59.816436   7.057037
-59.126139   7.057037
-58.435842   7.057037
-57.745545   7.057037
-57.055248   7.057037
-56.364950   7.057037
-55.674653   7.057037
-54.984356   7.057037
-54.294059   7.057037
-53.603762   7.057037
-52.913465   7.057037
-52.223168   7.057037
-51.532871   7.057037
-50.842574   7.057037
-64.303366   7.747778
-63.613069   7.747778
-62.922772   7.747778
-62.232475   7.747778
-61.542178   7.747778
-60.851881   7.747778
-60.161584   7.747778
-59.471287   7.747778
-58.780990   7.747778
-58.090693   7.747778
-57.400396   7.747778
-56.710099   7.747778
-56.019802   7.747778
-55.329505   7.747778
-54.639208   7.747778
-53.948911   7.747778
-53.258614   7.747778
-52.568317   7.747778
-51.878020   7.747778
-62.577624   8.438519
-61.887327   8.438519
-61.197030   8.438519
-60.506733   8.438519
-59.816436   8.438519
-59.126139   8.438519
-58.435842   8.438519
-57.745545   8.438519
-57.055248   8.438519
-56.364950   8.438519
-55.674653   8.438519
-54.984356   8.438519
-54.294059   8.438519
-53.603762   8.438519
-60.851881   9.129259
-60.161584   9.129259
-59.471287   9.129259
-58.780990   9.129259
-58.090693   9.129259
-57.400396   9.129259
-56.710099   9.129259
-56.019802   9.129259
-55.329505   9.129259
