   1   12
   1   13
   1    2
   2   13
   2   14
   2    3
   3   14
   3   15
   3    4
   4   15
   4   16
   4    5
   5   16
   5   17
   5    6
   6   17
   6   18
   6    7
   7   18
   7   19
   7    8
   8   19
   8   20
   8    9
   9   20
   9   21
   9   10
  10   21
  10   22
  11   25
  11   26
  11   12
  12   26
  12   27
  12   13
  13   27
  13   28
  13   14
  14   28
  14   29
  14   15
  15   29
  15   30
  15   16
  16   30
  16   31
  16   17
  17   31
  17   32
  17   18
  18   32
  18   33
  18   19
  19   33
  19   34
  19   20
  20   34
  20   35
  20   21
  21   35
  21   36
  21   22
  22   36
  22   37
  22   23
  23   37
  23   38
  23   24
  24   38
  24   39
  25   43
  25   44
  25   26
  26   44
  26   45
  26   27
  27   45
  27   46
  27   28
  28   46
  28   47
  28   29
  29   47
  29   48
  29   30
  30   48
  30   49
  30   31
  31   49
  31   50
  31   32
  32   50
  32   51
  32   33
  33   51
  33   52
  33   34
  34   52
  34   53
  34   35
  35   53
  35   54
  35   36
  36   54
  36   55
  36   37
  37   55
  37   56
  37   38
  38   56
  38   57
  38   39
  39   57
  39   58
  39   40
  40   58
  40   59
  40   41
  41   59
  41   60
  42   64
  42   65
  42   43
  43   65
  43   66
  43   44
  44   66
  44   67
  44   45
  45   67
  45   68
  45   46
  46   68
  46   69
  46   47
  47   69
  47   70
  47   48
  48   70
  48   71
  48   49
  49   71
  49   72
  49   50
  50   72
  50   73
  50   51
  51   73
  51   74
  51   52
  52   74
  52   75
  52   53
  53   75
  53   76
  53   54
  54   76
  54   77
  54   55
  55   77
  55   78
  55   56
  56   78
  56   79
  56   57
  57   79
  57   80
  57   58
  58   80
  58   81
  58   59
  59   81
  59   82
  59   60
  60   82
  60   83
  60   61
  61   83
  61   84
  61   62
  62   84
  62   85
  63   88
  63   89
  63   64
  64   89
  64   90
  64   65
  65   90
  65   91
  65   66
  66   91
  66   92
  66   67
  67   92
  67   93
  67   68
  68   93
  68   94
  68   69
  69   94
  69   95
  69   70
  70   95
  70   96
  70   71
  71   96
  71   97
  71   72
  72   97
  72   98
  72   73
  73   98
  73   99
  73   74
  74   99
  74  100
  74   75
  75  100
  75  101
  75   76
  76  101
  76  102
  76   77
  77  102
  77  103
  77   78
  78  103
  78  104
  78   79
  79  104
  79  105
  79   80
  80  105
  80  106
  80   81
  81  106
  81  107
  81   82
  82  107
  82  108
  82   83
  83  108
  83  109
  83   84
  84  109
  84  110
  84   85
  85  110
  85  111
  85   86
  86  111
  86  112
  86   87
  87  112
  87  113
  88  115
  88  116
  88   89
  89  116
  89  117
  89   90
  90  117
  90  118
  90   91
  91  118
  91  119
  91   92
  92  119
  92  120
  92   93
  93  120
  93  121
  93   94
  94  121
  94  122
  94   95
  95  122
  95  123
  95   96
  96  123
  96  124
  96   97
  97  124
  97  125
  97   98
  98  125
  98  126
  98   99
  99  126
  99  127
  99  100
 100  127
 100  128
 100  101
 101  128
 101  129
 101  102
 102  129
 102  130
 102  103
 103  130
 103  131
 103  104
 104  131
 104  132
 104  105
 105  132
 105  133
 105  106
 106  133
 106  134
 106  107
 107  134
 107  135
 107  108
 108  135
 108  136
 108  109
 109  136
 109  137
 109  110
 110  137
 110  138
 110  111
 111  138
 111  139
 111  112
 112  139
 112  140
 112  113
 113  140
 113  141
 114  143
 114  144
 114  115
 115  144
 115  145
 115  116
 116  145
 116  146
 116  117
 117  146
 117  147
 117  118
 118  147
 118  148
 118  119
 119  148
 119  149
 119  120
 120  149
 120  150
 120  121
 121  150
 121  151
 121  122
 122  151
 122  152
 122  123
 123  152
 123  153
 123  124
 124  153
 124  154
 124  125
 125  154
 125  155
 125  126
 126  155
 126  156
 126  127
 127  156
 127  157
 127  128
 128  157
 128  158
 128  129
 129  158
 129  159
 129  130
 130  159
 130  160
 130  131
 131  160
 131  161
 131  132
 132  161
 132  162
 132  133
 133  162
 133  163
 133  134
 134  163
 134  164
 134  135
 135  164
 135  165
 135  136
 136  165
 136  166
 136  137
 137  166
 137  167
 137  138
 138  167
 138  168
 138  139
 139  168
 139  169
 139  140
 140  169
 140  170
 140  141
 141  170
 141  171
 141  142
 142  171
 142  172
 143  174
 143  175
 143  144
 144  175
 144  176
 144  145
 145  176
 145  177
 145  146
 146  177
 146  178
 146  147
 147  178
 147  179
 147  148
 148  179
 148  180
 148  149
 149  180
 149  181
 149  150
 150  181
 150  182
 150  151
 151  182
 151  183
 151  152
 152  183
 152  184
 152  153
 153  184
 153  185
 153  154
 154  185
 154  186
 154  155
 155  186
 155  187
 155  156
 156  187
 156  188
 156  157
 157  188
 157  189
 157  158
 158  189
 158  190
 158  159
 159  190
 159  191
 159  160
 160  191
 160  192
 160  161
 161  192
 161  193
 161  162
 162  193
 162  194
 162  163
 163  194
 163  195
 163  164
 164  195
 164  196
 164  165
 165  196
 165  197
 165  166
 166  197
 166  198
 166  167
 167  198
 167  199
 167  168
 168  199
 168  200
 168  169
 169  200
 169  201
 169  170
 170  201
 170  202
 170  171
 171  202
 171  203
 171  172
 172  203
 172  204
 173  205
 173  206
 173  174
 174  206
 174  207
 174  175
 175  207
 175  208
 175  176
 176  208
 176  209
 176  177
 177  209
 177  210
 177  178
 178  210
 178  211
 178  179
 179  211
 179  212
 179  180
 180  212
 180  213
 180  181
 181  213
 181  214
 181  182
 182  214
 182  215
 182  183
 183  215
 183  216
 183  184
 184  216
 184  217
 184  185
 185  217
 185  218
 185  186
 186  218
 186  219
 186  187
 187  219
 187  220
 187  188
 188  220
 188  221
 188  189
 189  221
 189  222
 189  190
 190  222
 190  223
 190  191
 191  223
 191  224
 191  192
 192  224
 192  225
 192  193
 193  225
 193  226
 193  194
 194  226
 194  227
 194  195
 195  227
 195  228
 195  196
 196  228
 196  229
 196  197
 197  229
 197  230
 197  198
 198  230
 198  231
 198  199
 199  231
 199  232
 199  200
 200  232
 200  233
 200  201
 201  233
 201  234
 201  202
 202  234
 202  235
 202  203
 203  235
 203  236
 203  204
 204  236
 204  237
 205  239
 205  240
 205  206
 206  240
 206  241
 206  207
 207  241
 207  242
 207  208
 208  242
 208  243
 208  209
 209  243
 209  244
 209  210
 210  244
 210  245
 210  211
 211  245
 211  246
 211  212
 212  246
 212  247
 212  213
 213  247
 213  248
 213  214
 214  248
 214  249
 214  215
 215  249
 215  250
 215  216
 216  250
 216  251
 216  217
 217  251
 217  252
 217  218
 218  252
 218  253
 218  219
 219  253
 219  254
 219  220
 220  254
 220  255
 220  221
 221  255
 221  256
 221  222
 222  256
 222  257
 222  223
 223  257
 223  258
 223  224
 224  258
 224  259
 224  225
 225  259
 225  260
 225  226
 226  260
 226  261
 226  227
 227  261
 227  262
 227  228
 228  262
 228  263
 228  229
 229  263
 229  264
 229  230
 230  264
 230  265
 230  231
 231  265
 231  266
 231  232
 232  266
 232  267
 232  233
 233  267
 233  268
 233  234
 234  268
 234  269
 234  235
 235  269
 235  270
 235  236
 236  270
 236  271
 236  237
 237  271
 237  272
 238  273
 238  274
 238  239
 239  274
 239  275
 239  240
 240  275
 240  276
 240  241
 241  276
 241  277
 241  242
 242  277
 242  278
 242  243
 243  278
 243  279
 243  244
 244  279
 244  280
 244  245
 245  280
 245  281
 245  246
 246  281
 246  282
 246  247
 247  282
 247  283
 247  248
 248  283
 248  284
 248  249
 249  284
 249  285
 249  250
 250  285
 250  286
 250  251
 251  286
 251  287
 251  252
 252  287
 252  288
 252  253
 253  288
 253  289
 253  254
 254  289
 254  290
 254  255
 255  290
 255  291
 255  256
 256  291
 256  292
 256  257
 257  292
 257  293
 257  258
 258  293
 258  294
 258  259
 259  294
 259  295
 259  260
 260  295
 260  296
 260  261
 261  296
 261  297
 261  262
 262  297
 262  298
 262  263
 263  298
 263  299
 263  264
 264  299
 264  300
 264  265
 265  300
 265  301
 265  266
 266  301
 266  302
 266  267
 267  302
 267  303
 267  268
 268  303
 268  304
 268  269
 269  304
 269  305
 269  270
 270  305
 270  306
 270  271
 271  306
 271  307
 271  272
 272  307
 272  308
 273  310
 273  311
 273  274
 274  311
 274  312
 274  275
 275  312
 275  313
 275  276
 276  313
 276  314
 276  277
 277  314
 277  315
 277  278
 278  315
 278  316
 278  279
 279  316
 279  317
 279  280
 280  317
 280  318
 280  281
 281  318
 281  319
 281  282
 282  319
 282  320
 282  283
 283  320
 283  321
 283  284
 284  321
 284  322
 284  285
 285  322
 285  323
 285  286
 286  323
 286  324
 286  287
 287  324
 287  325
 287  288
 288  325
 288  326
 288  289
 289  326
 289  327
 289  290
 290  327
 290  328
 290  291
 291  328
 291  329
 291  292
 292  329
 292  330
 292  293
 293  330
 293  331
 293  294
 294  331
 294  332
 294  295
 295  332
 295  333
 295  296
 296  333
 296  334
 296  297
 297  334
 297  335
 297  298
 298  335
 298  336
 298  299
 299  336
 299  337
 299  300
 300  337
 300  338
 300  301
 301  338
 301  339
 301  302
 302  339
 302  340
 302  303
 303  340
 303  341
 303  304
 304  341
 304  342
 304  305
 305  342
 305  343
 305  306
 306  343
 306  344
 306  307
 307  344
 307  345
 307  308
 308  345
 308  346
 309  347
 309  348
 309  310
 310  348
 310  349
 310  311
 311  349
 311  350
 311  312
 312  350
 312  351
 312  313
 313  351
 313  352
 313  314
 314  352
 314  353
 314  315
 315  353
 315  354
 315  316
 316  354
 316  355
 316  317
 317  355
 317  356
 317  318
 318  356
 318  357
 318  319
 319  357
 319  358
 319  320
 320  358
 320  359
 320  321
 321  359
 321  360
 321  322
 322  360
 322  361
 322  323
 323  361
 323  362
 323  324
 324  362
 324  363
 324  325
 325  363
 325  364
 325  326
 326  364
 326  365
 326  327
 327  365
 327  366
 327  328
 328  366
 328  367
 328  329
 329  367
 329  368
 329  330
 330  368
 330  369
 330  331
 331  369
 331  370
 331  332
 332  370
 332  371
 332  333
 333  371
 333  372
 333  334
 334  372
 334  373
 334  335
 335  373
 335  374
 335  336
 336  374
 336  375
 336  337
 337  375
 337  376
 337  338
 338  376
 338  377
 338  339
 339  377
 339  378
 339  340
 340  378
 340  379
 340  341
 341  379
 341  380
 341  342
 342  380
 342  381
 342  343
 343  381
 343  382
 343  344
 344  382
 344  383
 344  345
 345  383
 345  384
 345  346
 346  384
 346  385
 347  386
 347  387
 347  348
 348  387
 348  388
 348  349
 349  388
 349  389
 349  350
 350  389
 350  390
 350  351
 351  390
 351  391
 351  352
 352  391
 352  392
 352  353
 353  392
 353  393
 353  354
 354  393
 354  394
 354  355
 355  394
 355  395
 355  356
 356  395
 356  396
 356  357
 357  396
 357  397
 357  358
 358  397
 358  398
 358  359
 359  398
 359  399
 359  360
 360  399
 360  400
 360  361
 361  400
 361  401
 361  362
 362  401
 362  402
 362  363
 363  402
 363  403
 363  364
 364  403
 364  404
 364  365
 365  404
 365  405
 365  366
 366  405
 366  406
 366  367
 367  406
 367  407
 367  368
 368  407
 368  408
 368  369
 369  408
 369  409
 369  370
 370  409
 370  410
 370  371
 371  410
 371  411
 371  372
 372  411
 372  412
 372  373
 373  412
 373  413
 373  374
 374  413
 374  414
 374  375
 375  414
 375  415
 375  376
 376  415
 376  416
 376  377
 377  416
 377  417
 377  378
 378  417
 378  418
 378  379
 379  418
 379  419
 379  380
 380  419
 380  420
 380  381
 381  420
 381  421
 381  382
 382  421
 382  422
 382  383
 383  422
 383  423
 383  384
 384  423
 384  424
 384  385
 385  424
 385  425
 386  426
 386  427
 386  387
 387  427
 387  428
 387  388
 388  428
 388  429
 388  389
 389  429
 389  430
 389  390
 390  430
 390  431
 390  391
 391  431
 391  432
 391  392
 392  432
 392  433
 392  393
 393  433
 393  434
 393  394
 394  434
 394  435
 394  395
 395  435
 395  436
 395  396
 396  436
 396  437
 396  397
 397  437
 397  438
 397  398
 398  438
 398  439
 398  399
 399  439
 399  440
 399  400
 400  440
 400  441
 400  401
 401  441
 401  442
 401  402
 402  442
 402  443
 402  403
 403  443
 403  444
 403  404
 404  444
 404  445
 404  405
 405  445
 405  446
 405  406
 406  446
 406  447
 406  407
 407  447
 407  448
 407  408
 408  448
 408  449
 408  409
 409  449
 409  450
 409  410
 410  450
 410  451
 410  411
 411  451
 411  452
 411  412
 412  452
 412  453
 412  413
 413  453
 413  454
 413  414
 414  454
 414  455
 414  415
 415  455
 415  456
 415  416
 416  456
 416  457
 416  417
 417  457
 417  458
 417  418
 418  458
 418  459
 418  419
 419  459
 419  460
 419  420
 420  460
 420  461
 420  421
 421  461
 421  462
 421  422
 422  462
 422  463
 422  423
 423  463
 423  464
 423  424
 424  464
 424  465
 424  425
 425  465
 426  466
 426  467
 426  427
 427  467
 427  468
 427  428
 428  468
 428  469
 428  429
 429  469
 429  470
 429  430
 430  470
 430  471
 430  431
 431  471
 431  472
 431  432
 432  472
 432  473
 432  433
 433  473
 433  474
 433  434
 434  474
 434  475
 434  435
 435  475
 435  476
 435  436
 436  476
 436  477
 436  437
 437  477
 437  478
 437  438
 438  478
 438  479
 438  439
 439  479
 439  480
 439  440
 440  480
 440  481
 440  441
 441  481
 441  482
 441  442
 442  482
 442  483
 442  443
 443  483
 443  484
 443  444
 444  484
 444  485
 444  445
 445  485
 445  486
 445  446
 446  486
 446  487
 446  447
 447  487
 447  488
 447  448
 448  488
 448  489
 448  449
 449  489
 449  490
 449  450
 450  490
 450  491
 450  451
 451  491
 451  492
 451  452
 452  492
 452  493
 452  453
 453  493
 453  494
 453  454
 454  494
 454  495
 454  455
 455  495
 455  496
 455  456
 456  496
 456  497
 456  457
 457  497
 457  498
 457  458
 458  498
 458  499
 458  459
 459  499
 459  500
 459  460
 460  500
 460  501
 460  461
 461  501
 461  502
 461  462
 462  502
 462  503
 462  463
 463  503
 463  504
 463  464
 464  504
 464  505
 464  465
 465  505
 465  506
 466  507
 466  508
 466  467
 467  508
 467  509
 467  468
 468  509
 468  510
 468  469
 469  510
 469  511
 469  470
 470  511
 470  512
 470  471
 471  512
 471  513
 471  472
 472  513
 472  514
 472  473
 473  514
 473  515
 473  474
 474  515
 474  516
 474  475
 475  516
 475  517
 475  476
 476  517
 476  518
 476  477
 477  518
 477  519
 477  478
 478  519
 478  520
 478  479
 479  520
 479  521
 479  480
 480  521
 480  522
 480  481
 481  522
 481  523
 481  482
 482  523
 482  524
 482  483
 483  524
 483  525
 483  484
 484  525
 484  526
 484  485
 485  526
 485  527
 485  486
 486  527
 486  528
 486  487
 487  528
 487  529
 487  488
 488  529
 488  530
 488  489
 489  530
 489  531
 489  490
 490  531
 490  532
 490  491
 491  532
 491  533
 491  492
 492  533
 492  534
 492  493
 493  534
 493  535
 493  494
 494  535
 494  536
 494  495
 495  536
 495  537
 495  496
 496  537
 496  538
 496  497
 497  538
 497  539
 497  498
 498  539
 498  540
 498  499
 499  540
 499  541
 499  500
 500  541
 500  542
 500  501
 501  542
 501  543
 501  502
 502  543
 502  544
 502  503
 503  544
 503  545
 503  504
 504  545
 504  546
 504  505
 505  546
 505  547
 505  506
 506  547
 506  548
 507  549
 507  508
 508  549
 508  550
 508  509
 509  550
 509  551
 509  510
 510  551
 510  552
 510  511
 511  552
 511  553
 511  512
 512  553
 512  554
 512  513
 513  554
 513  555
 513  514
 514  555
 514  556
 514  515
 515  556
 515  557
 515  516
 516  557
 516  558
 516  517
 517  558
 517  559
 517  518
 518  559
 518  560
 518  519
 519  560
 519  561
 519  520
 520  561
 520  562
 520  521
 521  562
 521  563
 521  522
 522  563
 522  564
 522  523
 523  564
 523  565
 523  524
 524  565
 524  566
 524  525
 525  566
 525  567
 525  526
 526  567
 526  568
 526  527
 527  568
 527  569
 527  528
 528  569
 528  570
 528  529
 529  570
 529  571
 529  530
 530  571
 530  572
 530  531
 531  572
 531  573
 531  532
 532  573
 532  574
 532  533
 533  574
 533  575
 533  534
 534  575
 534  576
 534  535
 535  576
 535  577
 535  536
 536  577
 536  578
 536  537
 537  578
 537  579
 537  538
 538  579
 538  580
 538  539
 539  580
 539  581
 539  540
 540  581
 540  582
 540  541
 541  582
 541  583
 541  542
 542  583
 542  584
 542  543
 543  584
 543  585
 543  544
 544  585
 544  586
 544  545
 545  586
 545  587
 545  546
 546  587
 546  588
 546  547
 547  588
 547  589
 547  548
 548  589
 548  590
 549  591
 549  592
 549  550
 550  592
 550  593
 550  551
 551  593
 551  594
 551  552
 552  594
 552  595
 552  553
 553  595
 553  596
 553  554
 554  596
 554  597
 554  555
 555  597
 555  598
 555  556
 556  598
 556  599
 556  557
 557  599
 557  600
 557  558
 558  600
 558  601
 558  559
 559  601
 559  602
 559  560
 560  602
 560  603
 560  561
 561  603
 561  604
 561  562
 562  604
 562  605
 562  563
 563  605
 563  606
 563  564
 564  606
 564  607
 564  565
 565  607
 565  608
 565  566
 566  608
 566  609
 566  567
 567  609
 567  610
 567  568
 568  610
 568  611
 568  569
 569  611
 569  612
 569  570
 570  612
 570  613
 570  571
 571  613
 571  614
 571  572
 572  614
 572  615
 572  573
 573  615
 573  616
 573  574
 574  616
 574  617
 574  575
 575  617
 575  618
 575  576
 576  618
 576  619
 576  577
 577  619
 577  620
 577  578
 578  620
 578  621
 578  579
 579  621
 579  622
 579  580
 580  622
 580  623
 580  581
 581  623
 581  624
 581  582
 582  624
 582  625
 582  583
 583  625
 583  626
 583  584
 584  626
 584  627
 584  585
 585  627
 585  628
 585  586
 586  628
 586  629
 586  587
 587  629
 587  630
 587  588
 588  630
 588  631
 588  589
 589  631
 589  632
 589  590
 590  632
 591  633
 591  634
 591  592
 592  634
 592  635
 592  593
 593  635
 593  636
 593  594
 594  636
 594  637
 594  595
 595  637
 595  638
 595  596
 596  638
 596  639
 596  597
 597  639
 597  640
 597  598
 598  640
 598  641
 598  599
 599  641
 599  642
 599  600
 600  642
 600  643
 600  601
 601  643
 601  644
 601  602
 602  644
 602  645
 602  603
 603  645
 603  646
 603  604
 604  646
 604  647
 604  605
 605  647
 605  648
 605  606
 606  648
 606  649
 606  607
 607  649
 607  650
 607  608
 608  650
 608  651
 608  609
 609  651
 609  652
 609  610
 610  652
 610  653
 610  611
 611  653
 611  654
 611  612
 612  654
 612  655
 612  613
 613  655
 613  656
 613  614
 614  656
 614  657
 614  615
 615  657
 615  658
 615  616
 616  658
 616  659
 616  617
 617  659
 617  660
 617  618
 618  660
 618  661
 618  619
 619  661
 619  662
 619  620
 620  662
 620  663
 620  621
 621  663
 621  664
 621  622
 622  664
 622  665
 622  623
 623  665
 623  666
 623  624
 624  666
 624  667
 624  625
 625  667
 625  668
 625  626
 626  668
 626  669
 626  627
 627  669
 627  670
 627  628
 628  670
 628  671
 628  629
 629  671
 629  672
 629  630
 630  672
 630  673
 630  631
 631  673
 631  674
 631  632
 632  674
 632  675
 633  677
 633  678
 633  634
 634  678
 634  679
 634  635
 635  679
 635  680
 635  636
 636  680
 636  681
 636  637
 637  681
 637  682
 637  638
 638  682
 638  683
 638  639
 639  683
 639  684
 639  640
 640  684
 640  685
 640  641
 641  685
 641  686
 641  642
 642  686
 642  687
 642  643
 643  687
 643  688
 643  644
 644  688
 644  689
 644  645
 645  689
 645  690
 645  646
 646  690
 646  691
 646  647
 647  691
 647  692
 647  648
 648  692
 648  693
 648  649
 649  693
 649  694
 649  650
 650  694
 650  695
 650  651
 651  695
 651  696
 651  652
 652  696
 652  697
 652  653
 653  697
 653  698
 653  654
 654  698
 654  699
 654  655
 655  699
 655  700
 655  656
 656  700
 656  701
 656  657
 657  701
 657  702
 657  658
 658  702
 658  703
 658  659
 659  703
 659  704
 659  660
 660  704
 660  705
 660  661
 661  705
 661  706
 661  662
 662  706
 662  707
 662  663
 663  707
 663  708
 663  664
 664  708
 664  709
 664  665
 665  709
 665  710
 665  666
 666  710
 666  711
 666  667
 667  711
 667  712
 667  668
 668  712
 668  713
 668  669
 669  713
 669  714
 669  670
 670  714
 670  715
 670  671
 671  715
 671  716
 671  672
 672  716
 672  717
 672  673
 673  717
 673  718
 673  674
 674  718
 674  719
 674  675
 675  719
 675  720
 675  676
 676  720
 676  721
 677  722
 677  723
 677  678
 678  723
 678  724
 678  679
 679  724
 679  725
 679  680
 680  725
 680  726
 680  681
 681  726
 681  727
 681  682
 682  727
 682  728
 682  683
 683  728
 683  729
 683  684
 684  729
 684  730
 684  685
 685  730
 685  731
 685  686
 686  731
 686  732
 686  687
 687  732
 687  733
 687  688
 688  733
 688  734
 688  689
 689  734
 689  735
 689  690
 690  735
 690  736
 690  691
 691  736
 691  737
 691  692
 692  737
 692  738
 692  693
 693  738
 693  739
 693  694
 694  739
 694  740
 694  695
 695  740
 695  741
 695  696
 696  741
 696  742
 696  697
 697  742
 697  743
 697  698
 698  743
 698  744
 698  699
 699  744
 699  745
 699  700
 700  745
 700  746
 700  701
 701  746
 701  747
 701  702
 702  747
 702  748
 702  703
 703  748
 703  749
 703  704
 704  749
 704  750
 704  705
 705  750
 705  751
 705  706
 706  751
 706  752
 706  707
 707  752
 707  753
 707  708
 708  753
 708  754
 708  709
 709  754
 709  755
 709  710
 710  755
 710  756
 710  711
 711  756
 711  757
 711  712
 712  757
 712  758
 712  713
 713  758
 713  759
 713  714
 714  759
 714  760
 714  715
 715  760
 715  761
 715  716
 716  761
 716  762
 716  717
 717  762
 717  763
 717  718
 718  763
 718  764
 718  719
 719  764
 719  765
 719  720
 720  765
 720  766
 720  721
 721  766
 721  767
 722  768
 722  723
 723  768
 723  769
 723  724
 724  769
 724  770
 724  725
 725  770
 725  771
 725  726
 726  771
 726  772
 726  727
 727  772
 727  773
 727  728
 728  773
 728  774
 728  729
 729  774
 729  775
 729  730
 730  775
 730  776
 730  731
 731  776
 731  777
 731  732
 732  777
 732  778
 732  733
 733  778
 733  779
 733  734
 734  779
 734  780
 734  735
 735  780
 735  781
 735  736
 736  781
 736  782
 736  737
 737  782
 737  783
 737  738
 738  783
 738  784
 738  739
 739  784
 739  785
 739  740
 740  785
 740  786
 740  741
 741  786
 741  787
 741  742
 742  787
 742  788
 742  743
 743  788
 743  789
 743  744
 744  789
 744  790
 744  745
 745  790
 745  791
 745  746
 746  791
 746  792
 746  747
 747  792
 747  793
 747  748
 748  793
 748  794
 748  749
 749  794
 749  795
 749  750
 750  795
 750  796
 750  751
 751  796
 751  797
 751  752
 752  797
 752  798
 752  753
 753  798
 753  799
 753  754
 754  799
 754  800
 754  755
 755  800
 755  801
 755  756
 756  801
 756  802
 756  757
 757  802
 757  803
 757  758
 758  803
 758  804
 758  759
 759  804
 759  805
 759  760
 760  805
 760  806
 760  761
 761  806
 761  807
 761  762
 762  807
 762  808
 762  763
 763  808
 763  809
 763  764
 764  809
 764  810
 764  765
 765  810
 765  811
 765  766
 766  811
 766  812
 766  767
 767  812
 767  813
 768  814
 768  815
 768  769
 769  815
 769  816
 769  770
 770  816
 770  817
 770  771
 771  817
 771  818
 771  772
 772  818
 772  819
 772  773
 773  819
 773  820
 773  774
 774  820
 774  821
 774  775
 775  821
 775  822
 775  776
 776  822
 776  823
 776  777
 777  823
 777  824
 777  778
 778  824
 778  825
 778  779
 779  825
 779  826
 779  780
 780  826
 780  827
 780  781
 781  827
 781  828
 781  782
 782  828
 782  829
 782  783
 783  829
 783  830
 783  784
 784  830
 784  831
 784  785
 785  831
 785  832
 785  786
 786  832
 786  833
 786  787
 787  833
 787  834
 787  788
 788  834
 788  835
 788  789
 789  835
 789  836
 789  790
 790  836
 790  837
 790  791
 791  837
 791  838
 791  792
 792  838
 792  839
 792  793
 793  839
 793  840
 793  794
 794  840
 794  841
 794  795
 795  841
 795  842
 795  796
 796  842
 796  843
 796  797
 797  843
 797  844
 797  798
 798  844
 798  845
 798  799
 799  845
 799  846
 799  800
 800  846
 800  847
 800  801
 801  847
 801  848
 801  802
 802  848
 802  849
 802  803
 803  849
 803  850
 803  804
 804  850
 804  851
 804  805
 805  851
 805  852
 805  806
 806  852
 806  853
 806  807
 807  853
 807  854
 807  808
 808  854
 808  855
 808  809
 809  855
 809  856
 809  810
 810  856
 810  857
 810  811
 811  857
 811  858
 811  812
 812  858
 812  859
 812  813
 813  859
 813  860
 814  861
 814  862
 814  815
 815  862
 815  863
 815  816
 816  863
 816  864
 816  817
 817  864
 817  865
 817  818
 818  865
 818  866
 818  819
 819  866
 819  867
 819  820
 820  867
 820  868
 820  821
 821  868
 821  869
 821  822
 822  869
 822  870
 822  823
 823  870
 823  871
 823  824
 824  871
 824  872
 824  825
 825  872
 825  873
 825  826
 826  873
 826  874
 826  827
 827  874
 827  875
 827  828
 828  875
 828  876
 828  829
 829  876
 829  877
 829  830
 830  877
 830  878
 830  831
 831  878
 831  879
 831  832
 832  879
 832  880
 832  833
 833  880
 833  881
 833  834
 834  881
 834  882
 834  835
 835  882
 835  883
 835  836
 836  883
 836  884
 836  837
 837  884
 837  885
 837  838
 838  885
 838  886
 838  839
 839  886
 839  887
 839  840
 840  887
 840  888
 840  841
 841  888
 841  889
 841  842
 842  889
 842  890
 842  843
 843  890
 843  891
 843  844
 844  891
 844  892
 844  845
 845  892
 845  893
 845  846
 846  893
 846  894
 846  847
 847  894
 847  895
 847  848
 848  895
 848  896
 848  849
 849  896
 849  897
 849  850
 850  897
 850  898
 850  851
 851  898
 851  899
 851  852
 852  899
 852  900
 852  853
 853  900
 853  901
 853  854
 854  901
 854  902
 854  855
 855  902
 855  903
 855  856
 856  903
 856  904
 856  857
 857  904
 857  905
 857  858
 858  905
 858  906
 858  859
 859  906
 859  907
 859  860
 860  907
 860  908
 861  909
 861  910
 861  862
 862  910
 862  911
 862  863
 863  911
 863  912
 863  864
 864  912
 864  913
 864  865
 865  913
 865  914
 865  866
 866  914
 866  915
 866  867
 867  915
 867  916
 867  868
 868  916
 868  917
 868  869
 869  917
 869  918
 869  870
 870  918
 870  919
 870  871
 871  919
 871  920
 871  872
 872  920
 872  921
 872  873
 873  921
 873  922
 873  874
 874  922
 874  923
 874  875
 875  923
 875  924
 875  876
 876  924
 876  925
 876  877
 877  925
 877  926
 877  878
 878  926
 878  927
 878  879
 879  927
 879  928
 879  880
 880  928
 880  929
 880  881
 881  929
 881  930
 881  882
 882  930
 882  931
 882  883
 883  931
 883  932
 883  884
 884  932
 884  933
 884  885
 885  933
 885  934
 885  886
 886  934
 886  935
 886  887
 887  935
 887  936
 887  888
 888  936
 888  937
 888  889
 889  937
 889  938
 889  890
 890  938
 890  939
 890  891
 891  939
 891  940
 891  892
 892  940
 892  941
 892  893
 893  941
 893  942
 893  894
 894  942
 894  943
 894  895
 895  943
 895  944
 895  896
 896  944
 896  945
 896  897
 897  945
 897  946
 897  898
 898  946
 898  947
 898  899
 899  947
 899  948
 899  900
 900  948
 900  949
 900  901
 901  949
 901  950
 901  902
 902  950
 902  951
 902  903
 903  951
 903  952
 903  904
 904  952
 904  953
 904  905
 905  953
 905  954
 905  906
 906  954
 906  955
 906  907
 907  955
 907  956
 907  908
 908  956
 908  957
 909  958
 909  910
 910  958
 910  959
 910  911
 911  959
 911  960
 911  912
 912  960
 912  961
 912  913
 913  961
 913  962
 913  914
 914  962
 914  963
 914  915
 915  963
 915  964
 915  916
 916  964
 916  965
 916  917
 917  965
 917  966
 917  918
 918  966
 918  967
 918  919
 919  967
 919  968
 919  920
 920  968
 920  969
 920  921
 921  969
 921  970
 921  922
 922  970
 922  971
 922  923
 923  971
 923  972
 923  924
 924  972
 924  973
 924  925
 925  973
 925  974
 925  926
 926  974
 926  975
 926  927
 927  975
 927  976
 927  928
 928  976
 928  977
 928  929
 929  977
 929  978
 929  930
 930  978
 930  979
 930  931
 931  979
 931  980
 931  932
 932  980
 932  981
 932  933
 933  981
 933  982
 933  934
 934  982
 934  983
 934  935
 935  983
 935  984
 935  936
 936  984
 936  985
 936  937
 937  985
 937  986
 937  938
 938  986
 938  987
 938  939
 939  987
 939  988
 939  940
 940  988
 940  989
 940  941
 941  989
 941  990
 941  942
 942  990
 942  991
 942  943
 943  991
 943  992
 943  944
 944  992
 944  993
 944  945
 945  993
 945  994
 945  946
 946  994
 946  995
 946  947
 947  995
 947  996
 947  948
 948  996
 948  997
 948  949
 949  997
 949  998
 949  950
 950  998
 950  999
 950  951
 951  999
 951 1000
 951  952
 952 1000
 952 1001
 952  953
 953 1001
 953 1002
 953  954
 954 1002
 954 1003
 954  955
 955 1003
 955 1004
 955  956
 956 1004
 956 1005
 956  957
 957 1005
 957 1006
 958 1007
 958 1008
 958  959
 959 1008
 959 1009
 959  960
 960 1009
 960 1010
 960  961
 961 1010
 961 1011
 961  962
 962 1011
 962 1012
 962  963
 963 1012
 963 1013
 963  964
 964 1013
 964 1014
 964  965
 965 1014
 965 1015
 965  966
 966 1015
 966 1016
 966  967
 967 1016
 967 1017
 967  968
 968 1017
 968 1018
 968  969
 969 1018
 969 1019
 969  970
 970 1019
 970 1020
 970  971
 971 1020
 971 1021
 971  972
 972 1021
 972 1022
 972  973
 973 1022
 973 1023
 973  974
 974 1023
 974 1024
 974  975
 975 1024
 975 1025
 975  976
 976 1025
 976 1026
 976  977
 977 1026
 977 1027
 977  978
 978 1027
 978 1028
 978  979
 979 1028
 979 1029
 979  980
 980 1029
 980 1030
 980  981
 981 1030
 981 1031
 981  982
 982 1031
 982 1032
 982  983
 983 1032
 983 1033
 983  984
 984 1033
 984 1034
 984  985
 985 1034
 985 1035
 985  986
 986 1035
 986 1036
 986  987
 987 1036
 987 1037
 987  988
 988 1037
 988 1038
 988  989
 989 1038
 989 1039
 989  990
 990 1039
 990 1040
 990  991
 991 1040
 991 1041
 991  992
 992 1041
 992 1042
 992  993
 993 1042
 993 1043
 993  994
 994 1043
 994 1044
 994  995
 995 1044
 995 1045
 995  996
 996 1045
 996 1046
 996  997
 997 1046
 997 1047
 997  998
 998 1047
 998 1048
 998  999
 999 1048
 999 1049
 999 1000
1000 1049
1000 1050
1000 1001
1001 1050
1001 1051
1001 1002
1002 1051
1002 1052
1002 1003
1003 1052
1003 1053
1003 1004
1004 1053
1004 1054
1004 1005
1005 1054
1005 1055
1005 1006
1006 1055
1007 1056
1007 1057
1007 1008
1008 1057
1008 1058
1008 1009
1009 1058
1009 1059
1009 1010
1010 1059
1010 1060
1010 1011
1011 1060
1011 1061
1011 1012
1012 1061
1012 1062
1012 1013
1013 1062
1013 1063
1013 1014
1014 1063
1014 1064
1014 1015
1015 1064
1015 1065
1015 1016
1016 1065
1016 1066
1016 1017
1017 1066
1017 1067
1017 1018
1018 1067
1018 1068
1018 1019
1019 1068
1019 1069
1019 1020
1020 1069
1020 1070
1020 1021
1021 1070
1021 1071
1021 1022
1022 1071
1022 1072
1022 1023
1023 1072
1023 1073
1023 1024
1024 1073
1024 1074
1024 1025
1025 1074
1025 1075
1025 1026
1026 1075
1026 1076
1026 1027
1027 1076
1027 1077
1027 1028
1028 1077
1028 1078
1028 1029
1029 1078
1029 1079
1029 1030
1030 1079
1030 1080
1030 1031
1031 1080
1031 1081
1031 1032
1032 1081
1032 1082
1032 1033
1033 1082
1033 1083
1033 1034
1034 1083
1034 1084
1034 1035
1035 1084
1035 1085
1035 1036
1036 1085
1036 1086
1036 1037
1037 1086
1037 1087
1037 1038
1038 1087
1038 1088
1038 1039
1039 1088
1039 1089
1039 1040
1040 1089
1040 1090
1040 1041
1041 1090
1041 1091
1041 1042
1042 1091
1042 1092
1042 1043
1043 1092
1043 1093
1043 1044
1044 1093
1044 1094
1044 1045
1045 1094
1045 1095
1045 1046
1046 1095
1046 1096
1046 1047
1047 1096
1047 1097
1047 1048
1048 1097
1048 1098
1048 1049
1049 1098
1049 1099
1049 1050
1050 1099
1050 1100
1050 1051
1051 1100
1051 1101
1051 1052
1052 1101
1052 1102
1052 1053
1053 1102
1053 1103
1053 1054
1054 1103
1054 1104
1054 1055
1055 1104
1056 1105
1056 1057
1057 1105
1057 1106
1057 1058
1058 1106
1058 1107
1058 1059
1059 1107
1059 1108
1059 1060
1060 1108
1060 1109
1060 1061
1061 1109
1061 1110
1061 1062
1062 1110
1062 1111
1062 1063
1063 1111
1063 1112
1063 1064
1064 1112
1064 1113
1064 1065
1065 1113
1065 1114
1065 1066
1066 1114
1066 1115
1066 1067
1067 1115
1067 1116
1067 1068
1068 1116
1068 1117
1068 1069
1069 1117
1069 1118
1069 1070
1070 1118
1070 1119
1070 1071
1071 1119
1071 1120
1071 1072
1072 1120
1072 1121
1072 1073
1073 1121
1073 1122
1073 1074
1074 1122
1074 1123
1074 1075
1075 1123
1075 1124
1075 1076
1076 1124
1076 1125
1076 1077
1077 1125
1077 1126
1077 1078
1078 1126
1078 1127
1078 1079
1079 1127
1079 1128
1079 1080
1080 1128
1080 1129
1080 1081
1081 1129
1081 1130
1081 1082
1082 1130
1082 1131
1082 1083
1083 1131
1083 1132
1083 1084
1084 1132
1084 1133
1084 1085
1085 1133
1085 1134
1085 1086
1086 1134
1086 1135
1086 1087
1087 1135
1087 1136
1087 1088
1088 1136
1088 1137
1088 1089
1089 1137
1089 1138
1089 1090
1090 1138
1090 1139
1090 1091
1091 1139
1091 1140
1091 1092
1092 1140
1092 1141
1092 1093
1093 1141
1093 1142
1093 1094
1094 1142
1094 1143
1094 1095
1095 1143
1095 1144
1095 1096
1096 1144
1096 1145
1096 1097
1097 1145
1097 1146
1097 1098
1098 1146
1098 1147
1098 1099
1099 1147
1099 1148
1099 1100
1100 1148
1100 1149
1100 1101
1101 1149
1101 1150
1101 1102
1102 1150
1102 1151
1102 1103
1103 1151
1103 1152
1103 1104
1104 1152
1105 1153
1105 1154
1105 1106
1106 1154
1106 1155
1106 1107
1107 1155
1107 1156
1107 1108
1108 1156
1108 1157
1108 1109
1109 1157
1109 1158
1109 1110
1110 1158
1110 1159
1110 1111
1111 1159
1111 1160
1111 1112
1112 1160
1112 1161
1112 1113
1113 1161
1113 1162
1113 1114
1114 1162
1114 1163
1114 1115
1115 1163
1115 1164
1115 1116
1116 1164
1116 1165
1116 1117
1117 1165
1117 1166
1117 1118
1118 1166
1118 1167
1118 1119
1119 1167
1119 1168
1119 1120
1120 1168
1120 1169
1120 1121
1121 1169
1121 1170
1121 1122
1122 1170
1122 1171
1122 1123
1123 1171
1123 1172
1123 1124
1124 1172
1124 1173
1124 1125
1125 1173
1125 1174
1125 1126
1126 1174
1126 1175
1126 1127
1127 1175
1127 1176
1127 1128
1128 1176
1128 1177
1128 1129
1129 1177
1129 1178
1129 1130
1130 1178
1130 1179
1130 1131
1131 1179
1131 1180
1131 1132
1132 1180
1132 1181
1132 1133
1133 1181
1133 1182
1133 1134
1134 1182
1134 1183
1134 1135
1135 1183
1135 1184
1135 1136
1136 1184
1136 1185
1136 1137
1137 1185
1137 1186
1137 1138
1138 1186
1138 1187
1138 1139
1139 1187
1139 1188
1139 1140
1140 1188
1140 1189
1140 1141
1141 1189
1141 1190
1141 1142
1142 1190
1142 1191
1142 1143
1143 1191
1143 1192
1143 1144
1144 1192
1144 1193
1144 1145
1145 1193
1145 1194
1145 1146
1146 1194
1146 1195
1146 1147
1147 1195
1147 1196
1147 1148
1148 1196
1148 1197
1148 1149
1149 1197
1149 1198
1149 1150
1150 1198
1150 1199
1150 1151
1151 1199
1151 1200
1151 1152
1152 1200
1153 1201
1153 1154
1154 1201
1154 1202
1154 1155
1155 1202
1155 1203
1155 1156
1156 1203
1156 1204
1156 1157
1157 1204
1157 1205
1157 1158
1158 1205
1158 1206
1158 1159
1159 1206
1159 1207
1159 1160
1160 1207
1160 1208
1160 1161
1161 1208
1161 1209
1161 1162
1162 1209
1162 1210
1162 1163
1163 1210
1163 1211
1163 1164
1164 1211
1164 1212
1164 1165
1165 1212
1165 1213
1165 1166
1166 1213
1166 1214
1166 1167
1167 1214
1167 1215
1167 1168
1168 1215
1168 1216
1168 1169
1169 1216
1169 1217
1169 1170
1170 1217
1170 1218
1170 1171
1171 1218
1171 1219
1171 1172
1172 1219
1172 1220
1172 1173
1173 1220
1173 1221
1173 1174
1174 1221
1174 1222
1174 1175
1175 1222
1175 1223
1175 1176
1176 1223
1176 1224
1176 1177
1177 1224
1177 1225
1177 1178
1178 1225
1178 1226
1178 1179
1179 1226
1179 1227
1179 1180
1180 1227
1180 1228
1180 1181
1181 1228
1181 1229
1181 1182
1182 1229
1182 1230
1182 1183
1183 1230
1183 1231
1183 1184
1184 1231
1184 1232
1184 1185
1185 1232
1185 1233
1185 1186
1186 1233
1186 1234
1186 1187
1187 1234
1187 1235
1187 1188
1188 1235
1188 1236
1188 1189
1189 1236
1189 1237
1189 1190
1190 1237
1190 1238
1190 1191
1191 1238
1191 1239
1191 1192
1192 1239
1192 1240
1192 1193
1193 1240
1193 1241
1193 1194
1194 1241
1194 1242
1194 1195
1195 1242
1195 1243
1195 1196
1196 1243
1196 1244
1196 1197
1197 1244
1197 1245
1197 1198
1198 1245
1198 1246
1198 1199
1199 1246
1199 1247
1199 1200
1200 1247
1201 1248
1201 1249
1201 1202
1202 1249
1202 1250
1202 1203
1203 1250
1203 1251
1203 1204
1204 1251
1204 1252
1204 1205
1205 1252
1205 1253
1205 1206
1206 1253
1206 1254
1206 1207
1207 1254
1207 1255
1207 1208
1208 1255
1208 1256
1208 1209
1209 1256
1209 1257
1209 1210
1210 1257
1210 1258
1210 1211
1211 1258
1211 1259
1211 1212
1212 1259
1212 1260
1212 1213
1213 1260
1213 1261
1213 1214
1214 1261
1214 1262
1214 1215
1215 1262
1215 1263
1215 1216
1216 1263
1216 1264
1216 1217
1217 1264
1217 1265
1217 1218
1218 1265
1218 1266
1218 1219
1219 1266
1219 1267
1219 1220
1220 1267
1220 1268
1220 1221
1221 1268
1221 1269
1221 1222
1222 1269
1222 1270
1222 1223
1223 1270
1223 1271
1223 1224
1224 1271
1224 1272
1224 1225
1225 1272
1225 1273
1225 1226
1226 1273
1226 1274
1226 1227
1227 1274
1227 1275
1227 1228
1228 1275
1228 1276
1228 1229
1229 1276
1229 1277
1229 1230
1230 1277
1230 1278
1230 1231
1231 1278
1231 1279
1231 1232
1232 1279
1232 1280
1232 1233
1233 1280
1233 1281
1233 1234
1234 1281
1234 1282
1234 1235
1235 1282
1235 1283
1235 1236
1236 1283
1236 1284
1236 1237
1237 1284
1237 1285
1237 1238
1238 1285
1238 1286
1238 1239
1239 1286
1239 1287
1239 1240
1240 1287
1240 1288
1240 1241
1241 1288
1241 1289
1241 1242
1242 1289
1242 1290
1242 1243
1243 1290
1243 1291
1243 1244
1244 1291
1244 1292
1244 1245
1245 1292
1245 1293
1245 1246
1246 1293
1246 1294
1246 1247
1247 1294
1247 1295
1248 1296
1248 1297
1248 1249
1249 1297
1249 1298
1249 1250
1250 1298
1250 1299
1250 1251
1251 1299
1251 1300
1251 1252
1252 1300
1252 1301
1252 1253
1253 1301
1253 1302
1253 1254
1254 1302
1254 1303
1254 1255
1255 1303
1255 1304
1255 1256
1256 1304
1256 1305
1256 1257
1257 1305
1257 1306
1257 1258
1258 1306
1258 1307
1258 1259
1259 1307
1259 1308
1259 1260
1260 1308
1260 1309
1260 1261
1261 1309
1261 1310
1261 1262
1262 1310
1262 1311
1262 1263
1263 1311
1263 1312
1263 1264
1264 1312
1264 1313
1264 1265
1265 1313
1265 1314
1265 1266
1266 1314
1266 1315
1266 1267
1267 1315
1267 1316
1267 1268
1268 1316
1268 1317
1268 1269
1269 1317
1269 1318
1269 1270
1270 1318
1270 1319
1270 1271
1271 1319
1271 1320
1271 1272
1272 1320
1272 1321
1272 1273
1273 1321
1273 1322
1273 1274
1274 1322
1274 1323
1274 1275
1275 1323
1275 1324
1275 1276
1276 1324
1276 1325
1276 1277
1277 1325
1277 1326
1277 1278
1278 1326
1278 1327
1278 1279
1279 1327
1279 1328
1279 1280
1280 1328
1280 1329
1280 1281
1281 1329
1281 1330
1281 1282
1282 1330
1282 1331
1282 1283
1283 1331
1283 1332
1283 1284
1284 1332
1284 1333
1284 1285
1285 1333
1285 1334
1285 1286
1286 1334
1286 1335
1286 1287
1287 1335
1287 1336
1287 1288
1288 1336
1288 1337
1288 1289
1289 1337
1289 1338
1289 1290
1290 1338
1290 1339
1290 1291
1291 1339
1291 1340
1291 1292
1292 1340
1292 1341
1292 1293
1293 1341
1293 1342
1293 1294
1294 1342
1294 1295
1296 1343
1296 1297
1297 1343
1297 1344
1297 1298
1298 1344
1298 1345
1298 1299
1299 1345
1299 1346
1299 1300
1300 1346
1300 1347
1300 1301
1301 1347
1301 1348
1301 1302
1302 1348
1302 1349
1302 1303
1303 1349
1303 1350
1303 1304
1304 1350
1304 1351
1304 1305
1305 1351
1305 1352
1305 1306
1306 1352
1306 1353
1306 1307
1307 1353
1307 1354
1307 1308
1308 1354
1308 1355
1308 1309
1309 1355
1309 1356
1309 1310
1310 1356
1310 1357
1310 1311
1311 1357
1311 1358
1311 1312
1312 1358
1312 1359
1312 1313
1313 1359
1313 1360
1313 1314
1314 1360
1314 1361
1314 1315
1315 1361
1315 1362
1315 1316
1316 1362
1316 1363
1316 1317
1317 1363
1317 1364
1317 1318
1318 1364
1318 1365
1318 1319
1319 1365
1319 1366
1319 1320
1320 1366
1320 1367
1320 1321
1321 1367
1321 1368
1321 1322
1322 1368
1322 1369
1322 1323
1323 1369
1323 1370
1323 1324
1324 1370
1324 1371
1324 1325
1325 1371
1325 1372
1325 1326
1326 1372
1326 1373
1326 1327
1327 1373
1327 1374
1327 1328
1328 1374
1328 1375
1328 1329
1329 1375
1329 1376
1329 1330
1330 1376
1330 1377
1330 1331
1331 1377
1331 1378
1331 1332
1332 1378
1332 1379
1332 1333
1333 1379
1333 1380
1333 1334
1334 1380
1334 1381
1334 1335
1335 1381
1335 1382
1335 1336
1336 1382
1336 1383
1336 1337
1337 1383
1337 1384
1337 1338
1338 1384
1338 1385
1338 1339
1339 1385
1339 1386
1339 1340
1340 1386
1340 1387
1340 1341
1341 1387
1341 1342
1343 1388
1343 1389
1343 1344
1344 1389
1344 1390
1344 1345
1345 1390
1345 1391
1345 1346
1346 1391
1346 1392
1346 1347
1347 1392
1347 1393
1347 1348
1348 1393
1348 1394
1348 1349
1349 1394
1349 1395
1349 1350
1350 1395
1350 1396
1350 1351
1351 1396
1351 1397
1351 1352
1352 1397
1352 1398
1352 1353
1353 1398
1353 1399
1353 1354
1354 1399
1354 1400
1354 1355
1355 1400
1355 1401
1355 1356
1356 1401
1356 1402
1356 1357
1357 1402
1357 1403
1357 1358
1358 1403
1358 1404
1358 1359
1359 1404
1359 1405
1359 1360
1360 1405
1360 1406
1360 1361
1361 1406
1361 1407
1361 1362
1362 1407
1362 1408
1362 1363
1363 1408
1363 1409
1363 1364
1364 1409
1364 1410
1364 1365
1365 1410
1365 1411
1365 1366
1366 1411
1366 1412
1366 1367
1367 1412
1367 1413
1367 1368
1368 1413
1368 1414
1368 1369
1369 1414
1369 1415
1369 1370
1370 1415
1370 1416
1370 1371
1371 1416
1371 1417
1371 1372
1372 1417
1372 1418
1372 1373
1373 1418
1373 1419
1373 1374
1374 1419
1374 1420
1374 1375
1375 1420
1375 1421
1375 1376
1376 1421
1376 1422
1376 1377
1377 1422
1377 1423
1377 1378
1378 1423
1378 1424
1378 1379
1379 1424
1379 1425
1379 1380
1380 1425
1380 1426
1380 1381
1381 1426
1381 1427
1381 1382
1382 1427
1382 1428
1382 1383
1383 1428
1383 1429
1383 1384
1384 1429
1384 1430
1384 1385
1385 1430
1385 1431
1385 1386
1386 1431
1386 1387
1388 1432
1388 1389
1389 1432
1389 1433
1389 1390
1390 1433
1390 1434
1390 1391
1391 1434
1391 1435
1391 1392
1392 1435
1392 1436
1392 1393
1393 1436
1393 1437
1393 1394
1394 1437
1394 1438
1394 1395
1395 1438
1395 1439
1395 1396
1396 1439
1396 1440
1396 1397
1397 1440
1397 1441
1397 1398
1398 1441
1398 1442
1398 1399
1399 1442
1399 1443
1399 1400
1400 1443
1400 1444
1400 1401
1401 1444
1401 1445
1401 1402
1402 1445
1402 1446
1402 1403
1403 1446
1403 1447
1403 1404
1404 1447
1404 1448
1404 1405
1405 1448
1405 1449
1405 1406
1406 1449
1406 1450
1406 1407
1407 1450
1407 1451
1407 1408
1408 1451
1408 1452
1408 1409
1409 1452
1409 1453
1409 1410
1410 1453
1410 1454
1410 1411
1411 1454
1411 1455
1411 1412
1412 1455
1412 1456
1412 1413
1413 1456
1413 1457
1413 1414
1414 1457
1414 1458
1414 1415
1415 1458
1415 1459
1415 1416
1416 1459
1416 1460
1416 1417
1417 1460
1417 1461
1417 1418
1418 1461
1418 1462
1418 1419
1419 1462
1419 1463
1419 1420
1420 1463
1420 1464
1420 1421
1421 1464
1421 1465
1421 1422
1422 1465
1422 1466
1422 1423
1423 1466
1423 1467
1423 1424
1424 1467
1424 1468
1424 1425
1425 1468
1425 1469
1425 1426
1426 1469
1426 1470
1426 1427
1427 1470
1427 1471
1427 1428
1428 1471
1428 1472
1428 1429
1429 1472
1429 1430
1430 1431
1432 1473
1432 1474
1432 1433
1433 1474
1433 1475
1433 1434
1434 1475
1434 1476
1434 1435
1435 1476
1435 1477
1435 1436
1436 1477
1436 1478
1436 1437
1437 1478
1437 1479
1437 1438
1438 1479
1438 1480
1438 1439
1439 1480
1439 1481
1439 1440
1440 1481
1440 1482
1440 1441
1441 1482
1441 1483
1441 1442
1442 1483
1442 1484
1442 1443
1443 1484
1443 1485
1443 1444
1444 1485
1444 1486
1444 1445
1445 1486
1445 1487
1445 1446
1446 1487
1446 1488
1446 1447
1447 1488
1447 1489
1447 1448
1448 1489
1448 1490
1448 1449
1449 1490
1449 1491
1449 1450
1450 1491
1450 1492
1450 1451
1451 1492
1451 1493
1451 1452
1452 1493
1452 1494
1452 1453
1453 1494
1453 1495
1453 1454
1454 1495
1454 1496
1454 1455
1455 1496
1455 1497
1455 1456
1456 1497
1456 1498
1456 1457
1457 1498
1457 1499
1457 1458
1458 1499
1458 1500
1458 1459
1459 1500
1459 1501
1459 1460
1460 1501
1460 1502
1460 1461
1461 1502
1461 1503
1461 1462
1462 1503
1462 1504
1462 1463
1463 1504
1463 1505
1463 1464
1464 1505
1464 1506
1464 1465
1465 1506
1465 1507
1465 1466
1466 1507
1466 1508
1466 1467
1467 1508
1467 1509
1467 1468
1468 1509
1468 1510
1468 1469
1469 1510
1469 1511
1469 1470
1470 1511
1470 1512
1470 1471
1471 1512
1471 1472
1473 1513
1473 1514
1473 1474
1474 1514
1474 1515
1474 1475
1475 1515
1475 1516
1475 1476
1476 1516
1476 1517
1476 1477
1477 1517
1477 1518
1477 1478
1478 1518
1478 1519
1478 1479
1479 1519
1479 1520
1479 1480
1480 1520
1480 1521
1480 1481
1481 1521
1481 1522
1481 1482
1482 1522
1482 1523
1482 1483
1483 1523
1483 1524
1483 1484
1484 1524
1484 1525
1484 1485
1485 1525
1485 1526
1485 1486
1486 1526
1486 1527
1486 1487
1487 1527
1487 1528
1487 1488
1488 1528
1488 1529
1488 1489
1489 1529
1489 1530
1489 1490
1490 1530
1490 1531
1490 1491
1491 1531
1491 1532
1491 1492
1492 1532
1492 1533
1492 1493
1493 1533
1493 1534
1493 1494
1494 1534
1494 1535
1494 1495
1495 1535
1495 1536
1495 1496
1496 1536
1496 1537
1496 1497
1497 1537
1497 1538
1497 1498
1498 1538
1498 1539
1498 1499
1499 1539
1499 1540
1499 1500
1500 1540
1500 1541
1500 1501
1501 1541
1501 1542
1501 1502
1502 1542
1502 1543
1502 1503
1503 1543
1503 1544
1503 1504
1504 1544
1504 1545
1504 1505
1505 1545
1505 1546
1505 1506
1506 1546
1506 1547
1506 1507
1507 1547
1507 1548
1507 1508
1508 1548
1508 1549
1508 1509
1509 1549
1509 1550
1509 1510
1510 1550
1510 1511
1511 1512
1513 1551
1513 1514
1514 1551
1514 1552
1514 1515
1515 1552
1515 1553
1515 1516
1516 1553
1516 1554
1516 1517
1517 1554
1517 1555
1517 1518
1518 1555
1518 1556
1518 1519
1519 1556
1519 1557
1519 1520
1520 1557
1520 1558
1520 1521
1521 1558
1521 1559
1521 1522
1522 1559
1522 1560
1522 1523
1523 1560
1523 1561
1523 1524
1524 1561
1524 1562
1524 1525
1525 1562
1525 1563
1525 1526
1526 1563
1526 1564
1526 1527
1527 1564
1527 1565
1527 1528
1528 1565
1528 1566
1528 1529
1529 1566
1529 1567
1529 1530
1530 1567
1530 1568
1530 1531
1531 1568
1531 1569
1531 1532
1532 1569
1532 1570
1532 1533
1533 1570
1533 1571
1533 1534
1534 1571
1534 1572
1534 1535
1535 1572
1535 1573
1535 1536
1536 1573
1536 1574
1536 1537
1537 1574
1537 1575
1537 1538
1538 1575
1538 1576
1538 1539
1539 1576
1539 1577
1539 1540
1540 1577
1540 1578
1540 1541
1541 1578
1541 1579
1541 1542
1542 1579
1542 1580
1542 1543
1543 1580
1543 1581
1543 1544
1544 1581
1544 1582
1544 1545
1545 1582
1545 1583
1545 1546
1546 1583
1546 1584
1546 1547
1547 1584
1547 1585
1547 1548
1548 1585
1548 1549
1549 1550
1551 1586
1551 1587
1551 1552
1552 1587
1552 1588
1552 1553
1553 1588
1553 1589
1553 1554
1554 1589
1554 1590
1554 1555
1555 1590
1555 1591
1555 1556
1556 1591
1556 1592
1556 1557
1557 1592
1557 1593
1557 1558
1558 1593
1558 1594
1558 1559
1559 1594
1559 1595
1559 1560
1560 1595
1560 1596
1560 1561
1561 1596
1561 1597
1561 1562
1562 1597
1562 1598
1562 1563
1563 1598
1563 1599
1563 1564
1564 1599
1564 1600
1564 1565
1565 1600
1565 1601
1565 1566
1566 1601
1566 1602
1566 1567
1567 1602
1567 1603
1567 1568
1568 1603
1568 1604
1568 1569
1569 1604
1569 1605
1569 1570
1570 1605
1570 1606
1570 1571
1571 1606
1571 1607
1571 1572
1572 1607
1572 1608
1572 1573
1573 1608
1573 1609
1573 1574
1574 1609
1574 1610
1574 1575
1575 1610
1575 1611
1575 1576
1576 1611
1576 1612
1576 1577
1577 1612
1577 1613
1577 1578
1578 1613
1578 1614
1578 1579
1579 1614
1579 1615
1579 1580
1580 1615
1580 1616
1580 1581
1581 1616
1581 1617
1581 1582
1582 1617
1582 1618
1582 1583
1583 1618
1583 1619
1583 1584
1584 1619
1584 1585
1586 1620
1586 1587
1587 1620
1587 1621
1587 1588
1588 1621
1588 1622
1588 1589
1589 1622
1589 1623
1589 1590
1590 1623
1590 1624
1590 1591
1591 1624
1591 1625
1591 1592
1592 1625
1592 1626
1592 1593
1593 1626
1593 1627
1593 1594
1594 1627
1594 1628
1594 1595
1595 1628
1595 1629
1595 1596
1596 1629
1596 1630
1596 1597
1597 1630
1597 1631
1597 1598
1598 1631
1598 1632
1598 1599
1599 1632
1599 1633
1599 1600
1600 1633
1600 1634
1600 1601
1601 1634
1601 1635
1601 1602
1602 1635
1602 1636
1602 1603
1603 1636
1603 1637
1603 1604
1604 1637
1604 1638
1604 1605
1605 1638
1605 1639
1605 1606
1606 1639
1606 1640
1606 1607
1607 1640
1607 1641
1607 1608
1608 1641
1608 1642
1608 1609
1609 1642
1609 1643
1609 1610
1610 1643
1610 1644
1610 1611
1611 1644
1611 1645
1611 1612
1612 1645
1612 1646
1612 1613
1613 1646
1613 1647
1613 1614
1614 1647
1614 1648
1614 1615
1615 1648
1615 1649
1615 1616
1616 1649
1616 1650
1616 1617
1617 1650
1617 1651
1617 1618
1618 1651
1618 1652
1618 1619
1619 1652
1620 1653
1620 1654
1620 1621
1621 1654
1621 1655
1621 1622
1622 1655
1622 1656
1622 1623
1623 1656
1623 1657
1623 1624
1624 1657
1624 1658
1624 1625
1625 1658
1625 1659
1625 1626
1626 1659
1626 1660
1626 1627
1627 1660
1627 1661
1627 1628
1628 1661
1628 1662
1628 1629
1629 1662
1629 1663
1629 1630
1630 1663
1630 1664
1630 1631
1631 1664
1631 1665
1631 1632
1632 1665
1632 1666
1632 1633
1633 1666
1633 1667
1633 1634
1634 1667
1634 1668
1634 1635
1635 1668
1635 1669
1635 1636
1636 1669
1636 1670
1636 1637
1637 1670
1637 1671
1637 1638
1638 1671
1638 1672
1638 1639
1639 1672
1639 1673
1639 1640
1640 1673
1640 1674
1640 1641
1641 1674
1641 1675
1641 1642
1642 1675
1642 1676
1642 1643
1643 1676
1643 1677
1643 1644
1644 1677
1644 1678
1644 1645
1645 1678
1645 1679
1645 1646
1646 1679
1646 1680
1646 1647
1647 1680
1647 1681
1647 1648
1648 1681
1648 1682
1648 1649
1649 1682
1649 1683
1649 1650
1650 1683
1650 1684
1650 1651
1651 1684
1651 1652
1653 1685
1653 1654
1654 1685
1654 1686
1654 1655
1655 1686
1655 1687
1655 1656
1656 1687
1656 1688
1656 1657
1657 1688
1657 1689
1657 1658
1658 1689
1658 1690
1658 1659
1659 1690
1659 1691
1659 1660
1660 1691
1660 1692
1660 1661
1661 1692
1661 1693
1661 1662
1662 1693
1662 1694
1662 1663
1663 1694
1663 1695
1663 1664
1664 1695
1664 1696
1664 1665
1665 1696
1665 1697
1665 1666
1666 1697
1666 1698
1666 1667
1667 1698
1667 1699
1667 1668
1668 1699
1668 1700
1668 1669
1669 1700
1669 1701
1669 1670
1670 1701
1670 1702
1670 1671
1671 1702
1671 1703
1671 1672
1672 1703
1672 1704
1672 1673
1673 1704
1673 1705
1673 1674
1674 1705
1674 1706
1674 1675
1675 1706
1675 1707
1675 1676
1676 1707
1676 1708
1676 1677
1677 1708
1677 1709
1677 1678
1678 1709
1678 1710
1678 1679
1679 1710
1679 1711
1679 1680
1680 1711
1680 1712
1680 1681
1681 1712
1681 1713
1681 1682
1682 1713
1682 1714
1682 1683
1683 1714
1683 1715
1683 1684
1684 1715
1685 1716
1685 1686
1686 1716
1686 1717
1686 1687
1687 1717
1687 1718
1687 1688
1688 1718
1688 1719
1688 1689
1689 1719
1689 1720
1689 1690
1690 1720
1690 1721
1690 1691
1691 1721
1691 1722
1691 1692
1692 1722
1692 1723
1692 1693
1693 1723
1693 1724
1693 1694
1694 1724
1694 1725
1694 1695
1695 1725
1695 1726
1695 1696
1696 1726
1696 1727
1696 1697
1697 1727
1697 1728
1697 1698
1698 1728
1698 1729
1698 1699
1699 1729
1699 1730
1699 1700
1700 1730
1700 1731
1700 1701
1701 1731
1701 1732
1701 1702
1702 1732
1702 1733
1702 1703
1703 1733
1703 1734
1703 1704
1704 1734
1704 1735
1704 1705
1705 1735
1705 1736
1705 1706
1706 1736
1706 1737
1706 1707
1707 1737
1707 1738
1707 1708
1708 1738
1708 1739
1708 1709
1709 1739
1709 1740
1709 1710
1710 1740
1710 1741
1710 1711
1711 1741
1711 1742
1711 1712
1712 1742
1712 1743
1712 1713
1713 1743
1713 1744
1713 1714
1714 1744
1714 1745
1714 1715
1715 1745
1716 1746
1716 1717
1717 1746
1717 1747
1717 1718
1718 1747
1718 1748
1718 1719
1719 1748
1719 1749
1719 1720
1720 1749
1720 1750
1720 1721
1721 1750
1721 1751
1721 1722
1722 1751
1722 1752
1722 1723
1723 1752
1723 1753
1723 1724
1724 1753
1724 1754
1724 1725
1725 1754
1725 1755
1725 1726
1726 1755
1726 1756
1726 1727
1727 1756
1727 1757
1727 1728
1728 1757
1728 1758
1728 1729
1729 1758
1729 1759
1729 1730
1730 1759
1730 1760
1730 1731
1731 1760
1731 1761
1731 1732
1732 1761
1732 1762
1732 1733
1733 1762
1733 1763
1733 1734
1734 1763
1734 1764
1734 1735
1735 1764
1735 1765
1735 1736
1736 1765
1736 1766
1736 1737
1737 1766
1737 1767
1737 1738
1738 1767
1738 1768
1738 1739
1739 1768
1739 1769
1739 1740
1740 1769
1740 1770
1740 1741
1741 1770
1741 1771
1741 1742
1742 1771
1742 1772
1742 1743
1743 1772
1743 1773
1743 1744
1744 1773
1744 1745
1746 1747
1747 1774
1747 1748
1748 1774
1748 1775
1748 1749
1749 1775
1749 1776
1749 1750
1750 1776
1750 1777
1750 1751
1751 1777
1751 1778
1751 1752
1752 1778
1752 1779
1752 1753
1753 1779
1753 1780
1753 1754
1754 1780
1754 1781
1754 1755
1755 1781
1755 1782
1755 1756
1756 1782
1756 1783
1756 1757
1757 1783
1757 1784
1757 1758
1758 1784
1758 1785
1758 1759
1759 1785
1759 1786
1759 1760
1760 1786
1760 1787
1760 1761
1761 1787
1761 1788
1761 1762
1762 1788
1762 1789
1762 1763
1763 1789
1763 1790
1763 1764
1764 1790
1764 1791
1764 1765
1765 1791
1765 1792
1765 1766
1766 1792
1766 1793
1766 1767
1767 1793
1767 1794
1767 1768
1768 1794
1768 1795
1768 1769
1769 1795
1769 1796
1769 1770
1770 1796
1770 1797
1770 1771
1771 1797
1771 1798
1771 1772
1772 1798
1772 1773
1774 1799
1774 1775
1775 1799
1775 1800
1775 1776
1776 1800
1776 1801
1776 1777
1777 1801
1777 1802
1777 1778
1778 1802
1778 1803
1778 1779
1779 1803
1779 1804
1779 1780
1780 1804
1780 1805
1780 1781
1781 1805
1781 1806
1781 1782
1782 1806
1782 1807
1782 1783
1783 1807
1783 1808
1783 1784
1784 1808
1784 1809
1784 1785
1785 1809
1785 1810
1785 1786
1786 1810
1786 1811
1786 1787
1787 1811
1787 1812
1787 1788
1788 1812
1788 1813
1788 1789
1789 1813
1789 1814
1789 1790
1790 1814
1790 1815
1790 1791
1791 1815
1791 1816
1791 1792
1792 1816
1792 1817
1792 1793
1793 1817
1793 1818
1793 1794
1794 1818
1794 1819
1794 1795
1795 1819
1795 1820
1795 1796
1796 1820
1796 1821
1796 1797
1797 1821
1797 1822
1797 1798
1798 1822
1799 1823
1799 1800
1800 1823
1800 1824
1800 1801
1801 1824
1801 1825
1801 1802
1802 1825
1802 1826
1802 1803
1803 1826
1803 1827
1803 1804
1804 1827
1804 1828
1804 1805
1805 1828
1805 1829
1805 1806
1806 1829
1806 1830
1806 1807
1807 1830
1807 1831
1807 1808
1808 1831
1808 1832
1808 1809
1809 1832
1809 1833
1809 1810
1810 1833
1810 1834
1810 1811
1811 1834
1811 1835
1811 1812
1812 1835
1812 1836
1812 1813
1813 1836
1813 1837
1813 1814
1814 1837
1814 1838
1814 1815
1815 1838
1815 1839
1815 1816
1816 1839
1816 1840
1816 1817
1817 1840
1817 1841
1817 1818
1818 1841
1818 1842
1818 1819
1819 1842
1819 1843
1819 1820
1820 1843
1820 1844
1820 1821
1821 1844
1821 1822
1823 1824
1824 1845
1824 1825
1825 1845
1825 1846
1825 1826
1826 1846
1826 1847
1826 1827
1827 1847
1827 1848
1827 1828
1828 1848
1828 1849
1828 1829
1829 1849
1829 1850
1829 1830
1830 1850
1830 1851
1830 1831
1831 1851
1831 1852
1831 1832
1832 1852
1832 1853
1832 1833
1833 1853
1833 1854
1833 1834
1834 1854
1834 1855
1834 1835
1835 1855
1835 1856
1835 1836
1836 1856
1836 1857
1836 1837
1837 1857
1837 1858
1837 1838
1838 1858
1838 1859
1838 1839
1839 1859
1839 1860
1839 1840
1840 1860
1840 1861
1840 1841
1841 1861
1841 1862
1841 1842
1842 1862
1842 1863
1842 1843
1843 1863
1843 1844
1845 1846
1846 1847
1847 1864
1847 1848
1848 1864
1848 1865
1848 1849
1849 1865
1849 1866
1849 1850
1850 1866
1850 1867
1850 1851
1851 1867
1851 1868
1851 1852
1852 1868
1852 1869
1852 1853
1853 1869
1853 1870
1853 1854
1854 1870
1854 1871
1854 1855
1855 1871
1855 1872
1855 1856
1856 1872
1856 1873
1856 1857
1857 1873
1857 1874
1857 1858
1858 1874
1858 1875
1858 1859
1859 1875
1859 1876
1859 1860
1860 1876
1860 1877
1860 1861
1861 1877
1861 1862
1862 1863
1864 1865
1865 1866
1866 1878
1866 1867
1867 1878
1867 1879
1867 1868
1868 1879
1868 1880
1868 1869
1869 1880
1869 1881
1869 1870
1870 1881
1870 1882
1870 1871
1871 1882
1871 1883
1871 1872
1872 1883
1872 1884
1872 1873
1873 1884
1873 1885
1873 1874
1874 1885
1874 1886
1874 1875
1875 1886
1875 1876
1876 1877
1878 1879
1879 1880
1880 1881
1881 1882
1882 1883
1883 1884
1884 1885
1885 1886
