-46.984051  -8.413650
-51.710901   1.609996
-58.638665 -12.058460
-48.285734  -2.486305
-50.281686  -3.982517
-49.699101 -12.003057
-49.142946   3.737747
-50.047741  -5.620912
-38.304620 -10.085643
-59.560982 -10.910422
-48.169563   1.605199
-44.542104 -12.655009
-51.035471  -1.196090
-64.372154 -11.761973
-66.901452  -4.245419
-49.550372 -10.720030
-52.610509   3.922272
-45.447839  -5.558282
-62.187371   7.978200
-41.038707  -6.346111
-67.661159  -1.413960
-65.257360 -13.094451
-46.786373 -11.748094
-50.380206 -14.760796
-44.518284  -2.942966
-48.071240 -25.072024
-50.458702 -10.229596
-46.389615  -0.118250
-39.265617 -14.736151
-46.533605   2.995325
-55.775982 -25.277297
-56.950822 -17.900822
-51.659014 -26.582554
-51.683075 -17.746923
-48.217576  -9.944010
-38.743052  -5.485495
-65.124021   6.915241
-54.557379   8.518481
-54.045633   6.668387
-65.445208   6.505418
-66.596395   5.527918
-45.147208  -1.277457
-48.141344  -7.568606
-38.138446 -14.997918
