0.064701 15.076321 0.160622 7.812002 0.023809 59.952852 4.675158 22.042788 2.170366 1.117598 33.057178 95.183581 0.227371 13.592957 0.042279 0.120836 0.021214 0.244586 17.675938 0.023465 10.327617 6.691060 1.077401 1.536077 7.248416 0.091352 12.507138 24.595408 8.648900 15.596836 3.520036 9.049872 1.566761 
0.039595 2.867574 0.013008 11.082077 25.670939 8.190559 1.725006 0.151218 11.829845 0.470811 16.504617 51.637566 0.177233 36.071345 40.483520 0.422158 0.024564 2.464447 52.089632 0.037317 26.182306 7.205082 1.962511 0.585247 0.260103 0.081725 1.124464 1.113242 0.438292 13.151928 0.907149 38.368770 0.742542 21.093946 
1.081299 0.047394 0.041073 2.191788 0.531588 2.516849 28.243513 10.204565 10.636828 0.309476 8.436842 38.779829 0.458686 75.873541 0.019400 27.478456 13.491702 7.353077 2.218801 0.111820 52.758379 13.164971 0.887358 0.475173 0.023555 8.845014 8.143772 
0.484173 0.044980 0.030984 73.180987 1.277589 0.155854 193.958098 8.440370 0.039504 0.148100 17.830301 8.250824 7.468987 5.829306 0.061355 65.564968 9.235404 0.034480 0.673426 100.072399 13.240814 25.923195 15.231011 1.241458 4.186607 0.197176 0.345080 
17.291371 1.331579 1.137667 1.668600 1.522274 0.266911 0.020663 6.721624 2.079824 43.758809 0.240644 7.201996 0.673122 16.350433 1.231214 64.144214 8.146475 0.359648 0.076336 6.170814 0.123318 14.439368 0.033809 0.282750 0.085595 17.112103 0.273879 20.230083 2.182317 0.099126 9.388077 0.191183 3.102292 0.939475 0.896462 5.033407 1.856567 4.677029 
11.122304 0.059203 3.614581 12.875698 0.565528 19.822869 0.019513 1.428176 1.723962 9.612320 37.286288 0.344186 0.056190 138.341649 1.117731 36.180905 16.679047 5.560515 0.187876 0.027461 0.485029 49.397133 0.082770 81.233156 0.228937 8.611130 0.083954 105.336552 
0.449546 2.076266 42.782235 65.744897 0.050102 31.845227 0.030424 2.835891 38.573674 33.495168 0.961940 0.383040 44.250628 0.298270 28.212732 39.768758 15.765325 0.074878 178.687279 34.584531 3.075525 0.741622 3.115587 10.713499 4.917323 4.270382 2.035625 0.141605 7.255632 0.570766 0.026750 0.951530 0.477090 0.087754 0.096058 0.047871 24.206657 0.481067 0.088791 0.320339 2.469582 30.240725 2.057707 9.067216 0.972657 160.545625 19.291998 2.999047 0.629476 5.130610 5.152841 1.935092 1.263235 4.853694 0.076306 1.436552 13.851860 2.579841 3.429886 
9.779585 2.969290 18.010272 0.023044 28.877905 5.249533 0.137187 0.128569 6.582319 0.319980 5.047836 4.760040 0.022387 0.686925 5.185004 42.737380 8.231117 0.021059 143.560154 0.736951 64.554707 0.189286 0.064644 66.539683 1.370837 5.453371 2.247981 10.034427 5.510576 3.935971 0.258886 1.907412 0.151032 36.186492 0.388875 25.057706 1.666183 0.393564 0.143309 8.479224 7.729962 0.936276 
0.994026 30.962904 0.981442 0.515870 188.312200 0.075533 0.113930 72.000676 47.303940 7.201765 12.794231 10.409618 0.790716 0.979256 3.647991 42.657578 6.921317 0.064391 1.340892 3.254680 39.520583 0.285036 0.216312 0.217088 94.781987 3.303936 0.334714 12.298271 8.722331 22.575771 1.409788 0.067740 0.036208 0.410714 52.115206 7.808673 0.347594 13.233687 1.275679 1.000740 14.107287 
7.188803 245.787812 0.232869 0.160950 51.932392 0.259586 0.067234 6.235014 248.490604 7.156278 113.958060 77.725966 0.029046 1.079546 177.594175 85.290262 1.066350 0.127362 0.046908 12.929998 47.573133 0.447326 25.632620 185.514893 6.614516 3.633828 54.405461 7.416588 0.946397 3.618510 0.070588 0.798145 5.417932 
0.853722 0.033316 18.251934 0.266270 171.885578 12.993654 0.041655 0.069970 0.347582 18.648973 0.230390 16.682656 0.275698 2.724088 96.216159 76.496699 0.964031 0.257603 19.305256 12.629203 89.089202 0.809893 149.118852 0.083223 3.138146 18.214384 0.517527 20.266034 
0.755686 3.813343 18.782609 0.122089 148.387472 0.286901 0.057582 14.318043 0.283153 12.274651 0.165149 95.420460 0.040080 0.076382 0.860903 37.534788 0.700904 16.697430 8.940301 19.051364 9.227176 5.019321 0.133566 0.066539 5.059611 30.319620 3.024216 168.327845 0.025236 12.105118 1.957940 0.855585 0.035373 10.345664 59.573686 4.163205 0.759841 25.985074 0.037120 81.402160 9.888601 7.324383 0.031408 2.101857 1.184104 0.527966 1.027133 0.056079 
11.387398 0.144816 20.174236 0.594950 0.889869 0.027846 0.038831 16.554097 0.264633 5.786065 0.060927 52.050185 0.147736 6.883450 2.360413 41.732953 8.115985 1.688012 3.419144 8.511418 11.102439 1.316785 44.322500 5.712120 
37.525300 0.191850 0.361352 6.756675 1.129257 0.061085 0.152390 1.097784 0.614596 5.375331 0.687853 22.634496 0.363223 116.674191 63.100086 58.384056 10.124234 0.126268 0.374526 46.476675 40.520586 1.892912 0.117349 7.223354 8.528626 17.344467 0.939815 1.075791 2.330724 0.059290 1.577773 113.486559 15.381238 0.850983 2.403477 
3.073580 0.036926 6.311773 0.467979 7.439284 22.431513 0.075155 14.187404 4.934344 0.526845 0.077070 33.354562 0.054243 0.294499 41.683852 88.723532 0.469426 36.790290 7.014978 0.071665 11.521908 15.674048 39.336398 22.754473 10.807055 25.180083 0.039593 5.635492 1.031276 0.242276 0.106800 1.944231 0.186839 79.798094 242.902363 0.832339 0.454410 0.316121 2.052202 0.657246 0.094347 19.215693 
7.181325 10.899975 3.867502 40.202923 0.885199 17.484966 0.129057 0.171172 4.292016 0.095715 0.211282 26.138284 0.050075 1.331283 2.611658 71.767230 0.216746 107.714180 32.194396 1.452082 4.956133 0.898165 0.043575 60.393099 5.315516 137.443391 0.117015 3.115017 48.808952 19.848252 8.092907 
5.681429 5.258941 2.821927 42.288011 9.845767 34.889124 0.070431 31.489416 8.495061 1.728968 6.539040 14.859621 1.237053 107.824347 8.167861 71.308215 0.163241 13.548453 0.652013 3.460849 17.503668 7.514847 0.042336 0.061480 1.019520 121.041057 0.312680 21.179196 0.091717 1.937542 8.139292 0.073880 17.501054 7.348390 17.768727 11.964874 0.130006 5.730123 0.204532 7.930971 0.565771 1.326153 
45.726776 0.124271 3.713943 2.679696 7.802887 0.908909 0.123460 30.809058 55.228835 13.417311 13.910641 5.019492 0.199628 5.575576 0.167747 72.237074 0.042967 0.106506 31.494160 0.038360 36.039769 1.014328 4.565262 0.126497 2.829126 64.275158 1.285026 0.153625 13.392565 0.701619 4.237589 0.299542 0.336482 
0.071231 6.856665 2.839282 0.982708 10.508281 1.132843 5.968129 4.283689 10.628794 1.825932 4.397680 67.123930 0.124053 1.668215 88.180426 71.982447 0.130490 229.270629 10.062394 5.150485 23.568248 0.058059 0.530760 7.249472 12.729819 103.293809 1.463031 4.159176 1.165804 170.192102 15.764625 1.845831 0.870848 1.217357 5.123302 0.046924 22.492076 1.626923 0.054204 0.269608 2.108105 0.189020 0.351701 
4.947207 0.579115 17.990725 0.188750 2.075165 0.597397 218.266278 27.132766 7.447921 1.313028 4.486323 0.234754 0.236551 0.059547 9.261244 47.147472 0.112337 1.031877 2.202257 0.097739 28.317082 7.119484 1.004728 2.188058 0.143125 0.811154 50.939038 0.027565 0.557990 40.662309 2.643123 0.068087 41.566016 0.311386 0.572326 0.545779 0.221779 7.793811 9.118104 
2.425373 0.089566 2.544667 5.193262 1.401777 0.887518 47.841983 93.087499 5.363675 0.076083 0.328202 0.256937 0.030979 0.043368 11.572115 43.232787 0.067897 1.629485 0.182430 1.104992 32.214200 15.301473 68.503716 17.782342 13.127503 50.275105 17.882315 1.708476 25.161538 10.306261 85.016530 
4.173210 33.458557 0.044564 1.367941 1.918891 0.815991 42.213316 0.169855 43.861543 23.690761 3.578517 7.094252 0.738063 0.096756 50.279096 47.718426 0.093000 0.824139 14.672556 13.797509 9.479221 1.120198 0.166898 20.704448 27.949778 
43.048170 1.824397 0.080027 0.220342 0.133524 1.471464 18.342696 0.097978 0.907626 215.176781 11.816680 43.180894 0.074334 0.043749 24.355978 1.403587 0.104351 1.397791 2.019391 68.319824 14.930942 1.109439 8.199462 25.838509 3.024261 1.721928 31.631639 161.642954 0.087312 0.556354 3.771096 0.111663 77.207998 0.365894 1.272288 
43.134329 1.446556 0.062649 0.116072 86.380378 1.486314 5.836210 30.831068 90.725760 15.913402 26.873823 90.739327 0.052055 12.857623 115.332878 0.057653 0.114112 2.709906 2.973876 0.265832 9.272853 1.283576 
207.027657 3.490137 0.070321 0.492333 0.090675 8.271368 133.778832 155.299968 0.262184 14.355419 30.275647 77.540830 0.038628 2.462190 2.785567 0.055613 0.190138 1.798635 4.153497 0.306138 36.553290 5.218723 25.832799 17.904092 49.043099 139.110912 162.950002 4.102081 0.126139 30.843816 0.044319 10.443872 
20.837485 3.907606 2.603520 0.041096 209.294631 14.043202 10.424463 0.057300 165.988199 22.649326 1.391669 100.506391 0.040062 3.636603 0.472830 0.185220 0.246005 4.444903 15.740619 32.280030 4.590383 6.693926 1.292893 12.174679 25.046140 0.076832 1.136035 2.140190 
3.109213 1.174486 0.486017 11.141725 52.980426 0.046003 3.414074 63.355247 0.076558 3.187220 18.880237 42.891032 0.040869 26.152602 0.329623 0.153478 0.219348 1.992700 36.032410 1.265729 71.650932 
105.824610 2.981237 0.055166 9.754199 2.433771 0.206435 2.557952 188.974684 27.058146 8.515613 11.881634 54.071925 0.032871 29.534608 1.979891 0.668090 0.210903 0.818526 3.779902 0.058601 
2.290752 0.062202 0.157570 40.214451 14.303677 0.244196 4.206005 14.045056 0.434642 38.028267 0.051061 57.340382 0.064750 0.343070 4.310940 11.024039 0.241722 30.479532 87.138330 2.044478 0.366259 7.645387 22.408009 3.198508 0.380305 4.669118 19.897516 14.991782 1.667012 90.736914 0.487659 1.547476 47.488688 0.689534 0.096600 2.670009 1.426506 1.458736 10.891276 202.468608 
85.464770 32.834000 0.216187 0.453304 43.780945 0.237843 7.649115 32.992218 0.142678 2.119080 62.952697 57.095521 0.064623 3.920706 2.067405 5.192529 0.258213 25.177906 4.484087 5.492385 45.642740 8.607546 1.438145 0.130314 3.980058 19.499485 0.580032 1.120698 20.226008 1.213976 1.927060 0.401416 1.205159 
280.635432 0.056257 128.054002 2.194726 45.349615 1.131724 5.185973 10.931377 0.274248 2.453342 4.336530 63.458240 0.095652 60.195278 19.053537 7.977460 0.313698 0.039221 4.595818 0.328587 3.303105 
7.149598 11.490310 0.117319 13.474468 67.727862 2.899520 2.934672 6.418590 0.145699 126.036336 31.632387 158.628449 0.043064 10.594179 179.615568 3.552354 0.394084 31.324778 0.074261 0.040715 0.111802 23.407131 
15.062056 23.219947 8.069846 0.093854 2.187858 9.894267 4.600291 9.535741 0.085332 1.987230 1.033674 84.028879 0.034372 0.206262 66.865421 1.169189 0.108909 1.224516 67.989187 0.216656 0.326301 8.931037 22.514669 11.130852 51.491142 2.528350 1.508859 15.022453 0.800165 
6.933366 0.742566 2.447850 128.830994 1.471948 1.194841 12.475843 8.434453 0.030725 11.689335 0.190426 72.567520 0.099695 11.339131 31.143189 0.102209 20.029077 1.641932 0.085164 5.634023 88.302969 0.308101 0.111541 8.072670 18.515871 4.973103 43.434636 27.905764 0.685443 
2.210100 0.976033 77.687665 0.444176 10.876364 21.508290 7.738713 36.487194 0.031176 41.400104 69.831778 2.273385 0.058198 1.674259 22.392475 0.059755 6.579742 0.845101 0.150659 0.115610 2.221422 10.574050 66.027600 0.042255 28.068379 21.380869 0.024129 49.132359 142.089348 5.600985 
0.638824 0.516538 14.429627 0.950539 0.091606 0.131115 6.929462 20.955026 24.267359 0.259682 140.891138 138.299620 0.072279 0.094205 1.460624 0.014806 0.322044 12.658795 0.192192 58.167182 1.542847 12.055205 6.755948 0.015965 0.499795 8.088860 1.860992 1.530858 22.179333 0.787123 0.163864 13.174533 3.263535 0.037378 
16.454239 0.119950 3.229331 8.665786 0.186614 2.669346 4.560303 16.614668 12.484283 0.451817 28.547213 1.476208 0.027576 0.018812 40.218009 2.368454 1.317093 0.889835 0.129671 0.076311 37.786475 10.484662 28.679834 8.662599 0.092630 1.588505 4.491355 0.495994 5.805935 
2.585206 3.958343 17.150131 21.027733 0.381641 0.035766 13.946504 10.507828 38.173383 0.135036 103.463876 7.215299 0.068544 0.030095 0.104914 0.951604 108.364862 0.122574 0.084202 0.032310 10.130864 0.193293 102.057243 16.640619 79.464851 0.086627 0.028616 16.026179 1.049812 18.310792 
9.355846 113.366215 0.852059 50.188893 1.617695 9.990488 11.347761 7.729455 103.738236 13.859870 20.889148 95.866094 0.086321 8.529834 0.112607 0.835806 0.057930 1.333790 0.055272 0.018318 28.175165 0.141008 0.187991 
6.884047 7.425864 15.590619 1.569495 5.483730 8.585499 0.035687 2.919148 41.838586 0.346996 1.672004 108.756585 10.270621 83.048423 0.105700 1.720268 0.150857 55.872686 0.071318 0.072323 80.735097 37.255163 0.843246 0.972117 0.315327 36.195339 0.027649 6.017832 
52.259561 1.017969 85.803146 0.897125 36.817686 0.069922 0.038775 0.665500 27.147902 2.445670 0.037101 17.211679 8.298095 1.856426 9.267249 1.689630 9.071856 218.400790 0.052300 0.056230 189.343184 95.536100 0.197502 0.299669 19.725878 0.549358 
38.600566 133.016367 8.812710 2.871348 12.759289 0.845130 0.043133 0.070493 11.716709 0.040775 14.732777 8.750657 32.138491 1.348428 8.570893 0.259164 0.039358 0.056274 1.027236 31.260968 4.435619 1.333920 6.769403 7.516583 13.467540 40.775594 1.255873 
46.520804 9.786428 5.986474 0.102898 43.384737 1.607032 1.204925 4.803100 31.805924 2.303485 0.114559 8.280154 11.149289 0.132640 0.111057 1.419032 1.143969 0.101690 0.053631 107.229941 12.867457 0.028286 22.620098 1.627210 13.437628 51.007635 14.265642 5.184576 
30.758411 3.695077 6.683569 0.941125 25.091973 69.348212 7.484453 3.378704 0.025096 0.392381 67.522545 37.587381 1.173749 0.543649 0.078254 9.374520 15.190660 0.017767 0.859354 0.044904 10.489017 54.731507 23.872852 0.404066 0.304148 0.286154 
61.367342 22.277750 29.547848 8.005097 16.004444 68.343244 4.029567 3.208007 0.221648 0.476382 49.926947 0.039931 1.043003 37.490022 0.339868 45.454126 8.743372 0.022924 51.410412 1.877920 5.335296 0.649127 0.080697 19.020328 0.838090 0.147667 0.290659 17.257496 22.181367 1.367119 0.019972 8.969932 1.021477 65.211603 0.896604 2.631155 26.393327 126.992582 0.309522 1.805958 7.859194 
49.274208 10.817312 1.044066 3.458603 31.327049 15.260526 0.181128 0.068119 50.402289 82.941886 0.119759 0.047784 0.583578 15.711799 0.062827 3.780931 32.480206 0.012438 113.953381 8.659979 0.117483 0.592442 30.497271 0.899547 0.969254 0.827263 106.239399 28.095633 0.016213 4.367674 41.867370 12.744128 35.360570 1.075533 0.383338 0.810849 19.876570 20.125916 4.262865 0.018017 2.419468 2.088514 
15.844734 0.033542 2.505161 0.385564 43.328515 11.948336 6.568936 0.065237 0.485923 12.221243 103.330551 0.824803 7.895287 0.670470 0.787246 3.657414 8.776812 0.108506 24.239796 57.545432 0.438025 74.110532 87.365428 29.263032 0.022079 27.332370 5.765437 0.419703 0.037838 0.941102 0.308850 9.441517 21.061178 1.056459 7.190732 0.025732 1.285450 18.932529 0.047284 0.513888 2.464223 0.930243 
15.810926 7.778455 1.903744 0.154244 37.822017 15.058407 0.037458 2.530994 0.091067 34.084669 105.464511 17.705855 13.521802 1.542441 12.867697 10.108134 29.652055 0.058734 44.133206 2.099689 0.094674 22.799911 28.232014 132.263469 6.249781 124.871710 3.113083 41.491516 0.048538 0.061667 5.911919 0.380549 0.047990 0.064822 0.881359 0.189341 1.568533 
10.980534 11.240123 3.766611 0.127679 0.081647 46.860417 0.250690 6.081401 17.005916 44.408823 23.879431 0.287394 8.276809 1.384858 24.917236 4.919414 4.388063 0.042269 0.213229 0.401553 0.802774 0.253932 115.780310 86.983540 3.691873 0.496473 0.961215 0.095242 0.113297 10.170676 5.935380 27.893325 0.040332 38.397631 53.145412 0.023359 8.720392 3.132913 1.269641 5.598987 3.837166 0.283843 9.129852 0.799590 
8.195594 0.057441 6.363408 0.304542 0.030620 34.352215 0.713674 1.280466 65.078274 262.424247 29.489175 44.258503 6.561052 38.995466 8.042277 0.048822 4.435517 0.033203 3.392726 2.038147 7.856760 0.221307 23.386494 49.235914 0.079743 38.894785 
0.053373 0.030554 7.202066 0.322084 9.357028 4.644943 0.166375 22.519443 68.718738 9.570890 24.230693 38.766735 0.261558 0.346495 2.483987 4.901656 3.866987 3.772328 0.213256 2.225065 12.776227 0.040392 0.480898 26.361601 21.535178 0.666541 0.430717 35.984037 13.240885 1.210058 153.410165 0.999711 8.518596 6.108726 5.873139 
146.961039 0.115502 8.676179 0.128714 15.116949 0.304783 11.484025 10.784431 0.863877 7.825545 86.603382 1.741806 0.357761 0.060066 3.955496 0.093493 1.693846 2.216662 42.787764 1.166149 0.553414 7.163163 16.806801 0.621256 5.993836 1.947877 35.350746 75.937511 1.565714 0.654802 0.457730 
0.124376 0.056382 2.394832 0.028985 6.402610 2.359113 0.033600 17.587298 18.582190 10.076606 86.658336 14.620585 8.419088 0.400408 3.385279 0.088935 1.350425 41.090299 247.032711 0.381078 0.330628 30.943350 12.516606 44.061220 6.712314 37.998455 0.313415 7.440996 1.925756 12.038665 
0.099704 62.902823 0.844886 3.957586 1.528080 0.086138 8.730214 12.832848 213.274671 7.906843 71.899397 0.136861 11.223479 0.563974 4.607563 0.049719 0.059410 8.476331 0.272475 3.578585 0.102640 3.186417 32.406933 13.605537 147.682339 0.041663 2.033235 14.827755 9.428382 0.239581 6.568996 
3.485203 66.166766 0.894644 0.319413 6.588814 5.009263 177.885253 13.824043 2.622432 8.406672 59.295350 0.224403 6.337714 1.415448 133.708778 0.051836 0.297814 0.576306 66.147871 0.409582 14.145803 3.322172 0.456534 10.600201 2.272834 0.867657 0.126345 4.131315 3.132101 0.095764 5.523591 15.406106 5.904742 0.531289 65.395661 2.761581 3.647202 1.543692 0.759249 
11.772507 2.054354 0.038859 0.363317 0.061252 1.144981 18.613811 50.923375 27.105504 9.201058 322.396146 0.303465 110.544757 3.355701 91.623029 0.216551 0.337614 0.884201 4.173829 24.936394 0.164089 237.756688 0.058695 7.740511 15.925394 240.986643 4.685043 20.024216 16.090752 7.382756 0.100168 0.477972 10.064656 0.042148 3.343971 9.191121 26.149447 0.126453 1.478342 15.856109 17.122616 29.307076 
6.822243 1.413565 0.054408 2.709519 0.097623 5.743016 0.093142 62.828296 44.410043 12.277461 0.884575 0.179173 0.260749 59.057582 32.567394 0.087104 29.063165 0.067569 15.081409 24.346346 144.498075 9.423762 0.180344 0.102350 12.882163 26.593315 9.182774 5.849599 5.092151 6.183232 0.129123 7.327912 14.077941 
11.559228 37.574151 0.149345 0.284871 0.044129 36.504034 12.674511 5.909392 73.336706 10.111748 0.153193 17.477151 0.155053 0.839697 25.717940 0.069538 0.687776 0.218733 29.341016 32.511032 3.364627 8.686317 7.891718 7.099027 2.004325 0.048729 4.680956 36.046170 1.517501 3.060880 12.848628 0.112923 0.579091 14.694989 4.403977 3.752288 0.464430 252.802404 2.067806 17.012676 1.798038 12.769331 
2.807545 39.283791 5.045073 0.094492 0.115472 18.295618 0.036583 102.604687 6.905000 2.677247 20.735876 217.170739 75.186511 16.065434 150.209540 0.064106 0.095060 0.181109 3.510049 2.644402 1.114886 6.214801 6.956780 48.970076 9.243517 0.087582 177.065676 13.846779 1.207150 0.889234 16.301683 0.420381 162.166717 1.940647 0.213621 0.143149 2.174139 132.307397 6.368799 73.836974 0.711989 8.231799 10.438308 12.969122 
1.355384 62.018518 0.367213 0.049566 0.053460 12.123859 0.101551 6.687996 101.039481 2.709762 15.399668 125.608983 27.221982 16.272046 1.295452 0.106642 29.753418 1.039411 4.520838 79.059657 3.393708 168.239702 18.342052 152.849029 0.151675 2.794407 0.761200 8.847398 0.068384 0.097581 41.963733 10.406377 21.262564 36.655825 7.642609 
14.382526 0.059003 46.282667 12.644111 32.256104 9.660910 4.185185 18.263142 10.612624 0.251148 18.395224 12.787891 0.092459 53.497583 0.731180 0.125015 0.132027 0.045295 24.626476 17.230251 0.049879 8.282414 1.044857 11.467936 0.225825 0.146329 135.784032 
29.143084 0.070006 11.794068 3.337058 39.167015 0.179804 8.062754 1.706494 39.297935 0.031027 13.188468 48.314370 0.052527 42.527533 1.826597 0.060766 5.352646 13.856876 104.781097 0.330228 0.378707 17.947102 1.032690 1.398318 0.125181 0.030391 0.038833 49.158185 63.885308 2.887403 4.058270 10.730838 
89.878981 6.923888 2.284977 4.904298 0.076761 0.245504 10.044034 31.523630 22.708059 0.055658 57.013355 1.382052 1.545310 40.281164 31.786232 0.085916 4.760606 10.114353 0.213823 0.033447 120.619383 193.214155 86.344378 11.529395 0.027498 0.219785 12.064979 0.059186 0.045777 0.502613 2.173713 0.124208 38.810652 24.905260 2.463704 15.605488 49.821811 0.205587 11.170487 1.449774 5.328187 42.576514 22.407201 96.139904 
156.112219 27.653612 0.355981 10.781900 143.644189 0.148449 0.373173 1.065686 253.662374 1.437247 16.515283 53.066433 0.390014 0.160113 35.841817 0.100074 10.559892 0.051416 4.558326 0.422481 165.008725 0.611956 0.060141 162.353746 0.439124 2.244242 57.285594 0.081126 0.077344 31.181428 4.464022 55.318142 2.935161 8.184326 202.921117 38.940347 2.595801 0.632651 0.045671 23.222412 8.223516 
89.830872 0.096205 4.510711 0.621330 7.284681 0.181308 6.938151 9.545252 223.158656 111.206124 17.281918 10.245526 0.327055 0.811523 158.150117 0.058504 13.709280 6.412395 24.180915 0.948237 60.795393 4.846903 0.032579 279.852806 0.042215 33.898739 15.785649 1.519776 0.180514 0.341089 4.974132 1.926482 0.696469 4.164831 16.441017 180.332864 
100.556353 0.025480 56.547660 0.034661 0.629976 3.749621 136.591502 31.051210 12.700004 0.262521 19.232969 15.202850 1.498602 6.618324 17.642064 0.030780 8.220044 0.182789 6.399079 8.419350 10.938775 0.183278 0.383401 0.135061 0.150300 0.584414 1.326677 2.494409 0.041437 7.346669 5.244131 8.154620 
50.940246 0.035117 5.803534 0.161916 4.417804 248.952030 9.853012 43.139895 23.510590 82.663512 2.550589 27.081425 0.294452 0.428464 62.303620 0.083443 41.044399 0.235424 4.275331 0.631610 15.258706 13.785959 46.141039 0.054674 0.186462 47.060036 4.897010 18.720225 2.792961 66.461068 9.476913 0.126825 0.696047 1.058033 
68.472551 0.040158 15.095818 0.188945 0.053057 2.030017 36.957459 9.086452 17.587583 6.903153 0.501784 4.102104 53.376291 0.083669 16.208104 0.078096 5.583548 23.618825 1.983991 0.384180 30.345872 18.289783 0.461053 0.209190 0.148749 0.599694 0.306074 19.195245 0.284522 5.855250 88.308120 21.981829 2.255969 5.303019 2.349040 3.006664 1.531753 0.304113 9.037166 109.348899 4.847370 47.543365 4.512626 
34.788941 0.035642 2.562402 0.031504 0.821693 0.171312 1.474209 0.663828 250.114609 20.805148 30.343351 6.987188 7.021855 2.226428 16.216135 0.072036 0.884873 4.421107 18.856670 14.465240 0.698006 1.734350 111.466674 0.515946 41.587922 139.812447 3.185336 1.380204 0.270901 28.985004 2.152915 272.874845 1.409903 0.261465 
14.217035 0.132622 0.070671 0.172483 3.111738 0.079277 0.214291 4.951161 7.374672 14.701325 6.725522 0.105389 4.290033 14.916205 37.435495 0.076517 52.704117 4.480274 0.076251 292.048146 0.882667 5.805826 35.837579 0.183177 43.499535 3.363743 6.621424 41.091429 0.130348 50.241090 11.026753 11.542685 6.341002 2.238983 23.695275 1.083675 8.917422 25.786859 2.000916 0.394171 0.310590 0.606151 2.334924 5.013692 0.186988 13.474241 0.560569 33.686836 0.348255 
10.812311 39.083442 0.060565 0.135161 12.945091 0.174329 5.343427 2.156103 0.069886 17.169201 6.999468 0.123177 3.674378 2.884073 94.812426 0.350813 68.612557 25.121431 13.493994 29.180040 0.858904 0.590128 339.225697 0.653810 1.087528 11.691811 3.617270 18.508521 24.490994 2.218222 2.152014 183.654114 0.882649 0.481054 4.237029 10.775204 0.992059 3.577906 1.750732 37.008650 
2.419056 36.320458 0.089440 0.057084 1.477533 5.486745 17.208704 0.073857 179.112698 12.740873 0.533883 0.068235 84.645583 27.537743 174.183701 0.801728 154.652165 28.963064 12.186200 9.021706 1.105180 0.270490 87.859703 3.199491 20.956688 0.059255 1.813784 14.078480 14.850199 0.264508 15.091600 0.453775 23.623626 6.655514 
8.143262 44.347738 0.066286 211.791168 69.322737 0.162100 1.083183 79.304360 17.434818 8.912020 8.330497 0.150272 0.343767 0.128866 131.668928 4.086368 47.984660 29.435749 17.771023 0.475773 0.500703 4.037693 76.139309 0.081115 6.329859 43.739640 17.161646 3.283913 
11.171710 57.096550 0.090019 78.136886 1.883119 0.854264 80.501245 4.367758 130.359157 0.065234 226.707544 0.048814 1.335732 0.220532 25.104075 28.950540 0.095177 0.786256 180.700269 0.144734 0.999214 0.085141 61.246385 0.067780 17.816081 16.871743 131.139478 8.129483 0.125299 0.575716 0.412966 8.634747 4.596717 36.553850 1.150191 19.048106 5.103462 5.454550 16.725308 3.447304 3.631768 223.665698 180.848006 3.819301 7.848226 255.160948 94.637681 13.280419 
2.085541 29.301027 0.053446 1.342053 22.600197 43.169075 6.861691 7.526305 2.858615 4.523092 0.507820 0.129274 71.584523 0.585570 31.258134 0.970325 32.543008 29.639112 0.233218 9.329970 0.569730 4.712847 10.249993 0.029537 61.488206 10.455758 15.070461 13.812497 0.160682 19.870884 1.154850 18.398922 0.110335 2.339421 0.194078 1.578426 6.515015 3.948167 0.513166 
4.074996 23.140565 0.045463 35.505923 31.823235 0.405876 42.819313 2.375495 0.366271 1.176389 41.700960 10.262452 125.568565 5.325852 143.361634 9.896576 0.046494 111.836187 0.129250 3.966028 0.224798 12.940899 2.222722 0.094225 63.747136 13.003543 4.823576 0.329271 0.520509 29.018463 1.435301 44.627177 60.995047 4.964158 0.322207 8.630257 9.945799 0.828251 0.064908 0.091783 3.913447 7.132269 0.683102 0.291398 15.123596 6.024846 
1.999232 63.335618 0.036558 99.129805 36.349206 0.044932 16.001488 0.102089 23.894570 7.354063 26.500094 35.532917 2.406181 13.357706 19.866743 1.098627 56.600933 2.941252 0.851098 0.529536 1.591565 4.377961 1.034192 0.133128 9.097066 1.925883 3.050895 4.746859 0.172852 0.151236 11.685010 2.893581 11.078617 22.784629 0.590461 159.413779 231.118375 3.889600 
73.572137 0.203721 0.041345 0.117068 13.423882 0.111130 0.717042 2.097261 18.094268 11.106690 7.663340 19.209981 13.038307 30.635290 75.019349 1.979713 0.705444 17.468556 0.126521 0.613477 1.828557 16.997630 0.134606 28.849067 7.248049 0.987860 2.815164 10.378963 5.124800 6.115504 1.731233 6.836379 1.286264 2.467640 2.569794 0.446212 32.662531 
2.270619 7.401547 0.087143 0.486460 7.112528 0.032613 33.177463 0.241951 36.571521 16.333473 58.862098 0.613143 0.054719 23.555634 10.240128 5.533463 0.243203 28.008478 37.755388 13.053987 1.157939 4.321564 1.883649 0.105571 0.239240 1.106404 210.241845 0.232790 27.833163 12.880498 0.320789 4.722638 0.474144 0.038730 1.120534 1.433312 0.144834 103.902664 205.930060 11.058802 164.680043 17.353953 63.340865 
0.231737 8.685557 0.073893 0.691590 13.261046 0.130739 0.908961 0.243674 22.067447 1.856890 21.921722 2.642465 0.764038 23.389651 42.354106 76.570229 0.184336 11.005807 28.287632 155.989026 0.174023 0.953149 159.304076 1.273571 2.224520 3.495690 1.093678 13.553518 2.934024 11.284794 0.431915 2.955057 9.164589 1.147490 1.808805 8.130099 5.323435 19.294063 0.467535 15.424567 0.753967 15.581435 2.368689 0.223180 22.583428 1.589079 2.284335 6.711810 17.259493 
3.570314 49.437179 0.084121 7.428731 6.522778 0.055357 0.093907 1.729198 0.327066 6.365457 2.748020 0.429030 0.083664 41.419889 34.599279 3.249420 26.172797 4.490275 10.434523 8.729470 0.084550 13.749634 53.431701 0.826059 2.277983 8.540504 0.930935 3.718851 32.656349 6.630470 0.903006 13.442884 4.918217 4.725352 
104.559373 0.368024 0.082963 0.356579 25.763069 0.098976 0.120574 52.024179 17.727254 0.076917 4.712334 46.876266 2.720470 12.403606 68.382063 31.666023 0.075242 50.675076 0.810651 8.975428 102.495946 0.504175 3.041904 2.255631 307.322947 25.155507 0.257440 10.258508 2.464421 4.454564 2.765732 19.759548 
76.873898 85.998032 0.096648 292.752091 7.870573 0.199052 0.062747 0.248692 25.962595 6.028504 5.602031 20.750166 2.646724 0.326138 369.505838 3.815092 28.062483 265.938625 6.085900 1.509692 65.913806 22.783606 4.249652 1.070126 0.227562 0.547100 6.954284 0.118376 6.277148 2.305705 3.044122 130.386056 11.174572 1.776499 
0.045339 43.854276 0.120533 0.332305 18.802000 119.684046 0.260306 14.371477 27.297661 3.554134 3.452912 8.188540 0.218176 51.677870 53.291302 2.366984 33.250188 128.593607 4.803327 1.036348 62.120104 0.920574 0.507078 11.660594 89.512613 0.208206 0.974013 35.440950 1.332073 26.408142 0.197140 12.818443 26.911939 0.141843 2.829622 14.190088 2.452587 169.320006 58.205637 2.508533 3.548505 0.402192 21.960192 39.779344 0.303150 10.439373 0.644153 0.703074 129.256430 2.411207 
0.368699 33.693162 0.167831 0.631812 4.552268 244.656923 0.176120 87.631341 27.029087 0.225651 4.821010 6.705305 0.050728 0.835267 88.404201 0.038460 10.862034 16.013947 2.939057 16.611015 38.181764 6.938104 0.191058 2.908090 245.884691 11.793669 0.691562 0.219812 89.758936 3.911658 0.356088 2.795232 2.282173 2.821460 4.992236 3.841307 3.073735 
1.689701 0.324985 0.157074 0.152380 3.254990 0.444521 0.318511 11.288469 21.875846 0.038185 0.035225 83.566232 0.101599 6.470229 68.443025 0.067660 5.680520 0.686561 12.383317 7.504430 96.829716 34.825508 193.934177 0.074066 1.746194 3.999556 17.246481 0.740116 3.666241 33.326989 0.081964 73.061021 215.768380 8.908252 0.220969 15.602227 3.908853 
7.913524 0.211473 0.158153 0.359763 1.159612 13.857654 15.436860 0.114267 13.800082 1.142238 10.941512 150.370676 0.480318 9.949962 22.480102 0.043023 0.031502 11.416673 0.468298 0.180139 164.403876 62.132690 294.085194 0.145749 11.366812 0.086788 0.235467 0.410060 108.820056 
0.072107 0.039755 0.095339 0.063661 0.144571 1.622034 109.596791 54.878857 24.088794 7.291222 43.997956 0.197907 0.169792 33.388152 12.433560 9.590989 0.288758 11.130734 5.122022 0.537372 34.151128 38.296362 0.434633 7.052701 60.151169 4.129262 4.807580 
0.036999 10.490963 0.061200 13.321699 0.300403 2.003585 109.913061 149.083499 0.490777 2.472045 7.137815 0.069570 0.019476 32.766454 9.778483 0.366216 1.977889 0.590676 13.070710 2.723557 64.878485 79.507605 16.082526 22.871128 3.498150 0.513297 0.819376 0.017325 0.149975 0.016219 29.673933 0.077694 9.527727 0.806553 25.719861 5.247550 29.541210 0.563498 
0.135546 1.519399 0.032625 0.684623 0.871307 46.431428 10.329053 0.951284 0.752727 68.850419 23.559516 45.047853 0.157013 8.234710 0.048734 1.036170 1.082122 3.851691 18.378308 27.008736 26.373273 4.812182 6.283859 9.534559 0.301418 0.081042 8.066003 0.606704 1.935032 
0.046653 17.760833 0.061431 146.115071 0.073945 4.517953 2.098518 177.931923 0.342401 13.169783 51.251323 3.508691 0.081423 23.708409 0.035161 83.044814 0.159273 0.075188 17.209957 0.237219 6.039780 8.205722 25.580457 0.697613 0.466482 7.417968 6.582645 4.749233 
0.072578 5.586564 0.033013 0.475379 46.128060 18.923550 3.380072 144.670409 1.066835 30.581366 57.609471 0.050861 0.254262 56.565363 15.148109 0.342338 0.064750 0.078474 15.433147 0.265304 1.516178 6.212360 7.864350 18.029871 5.982855 18.417515 19.081889 6.030621 0.205768 0.262416 8.940760 1.573046 16.088530 24.045771 0.326325 58.486480 1.145451 21.699062 60.880486 1.251049 0.898988 
0.086990 0.685459 0.028263 0.075704 1.322004 0.235228 9.370715 83.557927 4.782658 9.226914 91.866283 2.639935 0.801894 127.300386 118.838646 128.186787 0.237419 179.927833 13.483043 45.697096 0.051650 0.619355 0.242011 0.159206 0.107350 0.968477 2.745345 22.655516 14.774097 100.464103 15.789484 0.309374 7.623078 7.573993 9.502714 5.682932 0.733115 0.483493 0.263790 19.416097 27.160584 2.796469 7.823416 2.726218 165.573860 0.698980 
0.306735 7.395194 0.050703 0.075638 4.722332 1.608521 214.128630 57.836684 0.757687 59.180774 68.892624 3.135631 1.007392 134.547899 2.282989 0.649770 16.542432 9.226481 26.915981 24.848498 0.067229 150.549758 16.356505 135.981319 0.260482 5.197629 1.289717 52.362333 34.380679 26.511379 5.686611 1.101174 13.105627 1.762109 0.047342 0.123036 4.285000 1.494650 15.086509 83.711702 0.079202 5.959848 6.672855 7.677244 3.441126 1.014212 0.545985 
43.922712 0.129607 0.063418 19.439432 11.218503 6.638160 1.734833 57.654402 0.283707 9.161596 38.418528 0.851724 0.059049 13.406015 0.826633 0.273458 0.199267 421.725985 17.294896 11.785741 0.059116 5.192301 282.644390 3.059624 0.359754 35.930677 11.631449 1.165532 0.461303 21.002520 11.006026 0.861549 7.655706 0.264910 149.569251 13.988739 0.293452 0.813295 10.124102 12.716032 14.529387 2.171268 
255.536629 0.167312 0.057012 0.789907 3.409627 0.802667 16.075623 106.183446 8.454990 0.759669 42.062112 10.477403 0.077449 55.932256 27.346346 61.565229 14.586068 2.584354 10.593952 8.891667 0.037838 21.366289 7.903399 1.128353 20.957163 0.139070 0.345572 2.171979 0.465215 1.017236 3.057731 31.596581 1.456536 4.590621 0.927565 0.114826 0.452037 0.685650 1.192989 5.666700 61.779374 11.234848 0.218002 7.039006 13.320433 2.319895 61.852182 1.377163 0.515431 
59.401192 1.908170 0.043383 4.699469 10.346227 0.999674 1.179737 191.342959 0.109652 0.666400 15.330611 27.231497 0.260380 16.995527 0.216824 36.890079 7.742805 1.191718 17.796560 45.940184 0.030152 2.486066 4.232542 0.975542 1.057649 18.913584 1.594681 1.774258 0.489793 49.769936 3.411976 1.057282 9.706030 0.494123 5.039031 10.717314 9.577932 0.936788 0.412418 
0.921871 2.378431 0.064454 0.031977 52.037248 2.976637 1.473308 54.992593 1.228419 1.349903 30.761432 28.205568 0.061599 16.963065 80.439186 1.137371 0.411197 1.159273 34.461091 0.125486 0.035129 87.805581 0.519464 0.723734 0.293303 9.552865 38.637839 2.192381 22.356250 3.026643 3.409202 4.348198 1.095612 
22.290829 0.270189 0.040311 0.020750 122.241463 25.480679 0.568501 108.098491 0.473974 28.772898 18.860339 15.821553 0.334921 16.036462 21.899959 0.104406 8.726407 0.087157 24.243633 7.000859 0.405890 0.869327 36.312406 0.069433 1.450982 2.714864 33.554494 8.230836 0.602077 2.643947 0.807787 3.750394 18.431060 0.138256 3.662843 1.827844 1.132398 5.750190 
9.347625 230.569377 0.035911 0.279703 13.018873 0.041117 6.238100 91.526079 8.386423 2.823568 26.940664 0.193517 1.637573 11.724799 31.879067 0.056974 20.590677 1.079162 27.329328 29.415157 0.080458 0.793020 0.285834 2.892514 3.031425 18.584187 0.504798 1.185062 1.074824 56.464948 0.402288 0.123061 5.124998 4.395143 6.094219 2.384044 21.788097 7.644031 
56.037306 3.518567 0.037330 0.088000 1.941437 0.085607 7.813201 322.815568 0.354172 0.047460 9.314320 0.565755 4.749779 56.020976 1.443371 0.040161 21.085104 3.870313 29.376361 103.037120 5.310036 28.269211 82.316637 41.194798 0.083749 14.918012 0.302667 183.543981 14.367363 2.491945 13.694749 10.471185 0.253211 10.731759 3.029023 0.043446 5.738670 1.979389 1.487645 21.053525 5.765497 0.140106 4.456927 
98.476394 0.616589 0.068840 0.042440 0.612038 0.048603 1.130577 350.610680 0.095756 16.448203 0.103298 1.196500 3.525271 20.540463 4.697464 1.143475 30.942032 16.841952 335.636176 17.580327 3.289250 14.035449 7.063403 2.062185 0.061786 0.645495 0.043445 15.096469 26.675944 49.579788 23.401704 62.940833 0.182246 0.444579 110.537628 0.723574 0.113255 1.672329 0.299741 
12.693523 17.469355 0.070534 0.496316 8.981734 0.457312 23.340184 0.380373 63.382800 0.092101 38.235476 79.677073 15.690252 42.168177 1.054300 48.057693 12.423564 2.648929 6.091113 0.284707 115.410217 1.694544 0.148328 65.038021 0.311473 0.338101 0.385112 0.854881 0.984003 
10.682418 47.638258 0.118306 0.138957 0.136950 0.068662 0.266041 66.863829 6.805123 0.106515 2.980540 39.934394 13.443231 89.272839 4.294763 2.158839 20.264891 63.331940 1.295381 0.064720 243.152808 2.589458 0.100735 57.654458 9.172342 0.157654 36.729661 8.336666 75.135043 1.075137 28.171455 10.691346 124.041719 18.779979 0.255124 8.752351 4.935675 
10.101708 6.643769 0.054937 57.235370 2.262180 1.660186 58.732654 8.040377 0.609996 2.222375 0.701409 0.126888 16.615666 6.671615 0.043056 3.798030 4.741887 28.790725 9.500963 7.204868 6.778740 22.916085 0.096498 54.666615 16.109128 0.197531 0.221971 1.187715 44.244874 0.082686 31.561688 6.968310 59.129911 33.289876 0.100514 52.670936 1.593569 
3.206180 2.919575 0.034464 2.304842 2.710431 0.019693 0.644055 0.024460 3.429411 10.256265 0.021650 13.656543 21.111759 30.329218 0.091609 0.891445 0.123376 42.011206 0.823658 0.077783 155.430278 12.545489 55.769439 0.083852 1.792292 0.326283 126.681564 65.195039 3.511550 0.414020 5.815949 21.397689 0.053927 18.040746 44.437913 67.683058 0.235306 125.771795 1.385325 20.636412 1.675888 0.439865 0.666660 1.185494 15.916227 0.268777 31.673981 
2.713558 156.174470 0.241291 20.150164 3.473369 0.046845 0.139805 0.511431 6.192305 24.108687 2.373452 47.167318 14.406551 22.573404 0.709972 16.637353 0.191160 24.792845 0.083335 0.093059 4.868904 35.316979 131.975281 0.035177 85.468733 0.212017 3.725163 87.435923 1.380310 0.186486 0.211460 25.338710 0.407783 8.281522 0.899939 1.685072 5.097694 0.518928 0.035673 154.262099 10.803349 0.112556 
0.114756 1.247175 0.231055 6.353723 0.161757 38.706843 13.746228 0.024357 0.921358 0.147102 35.952371 0.388599 18.870464 8.195627 1.128545 164.895350 83.167648 186.394333 0.097500 6.462257 61.656501 5.880013 33.817139 0.065035 0.231856 83.043710 0.931930 108.528216 0.123351 0.044489 0.103675 5.607871 0.898397 3.775561 0.125199 0.255243 6.566684 6.155420 4.509197 0.199488 
3.610568 4.962112 0.269009 30.518636 106.049261 0.270182 23.178330 4.937285 1.083959 1.801356 0.162171 105.463428 14.378357 4.958197 0.147717 13.785391 18.935004 44.442073 0.088477 2.624278 19.223048 6.777172 0.844379 0.021678 31.932376 0.480263 0.431760 0.173125 5.358985 0.223488 1.047776 
21.074196 11.008804 0.165992 2.941056 7.945135 0.084495 19.935192 12.307347 1.710323 28.973028 13.537895 72.352391 78.042633 3.542262 0.073586 9.597326 0.147418 1.809636 0.250990 0.756474 0.043435 0.404574 3.438399 0.026067 0.163680 0.329064 0.076747 
2.914044 85.346663 0.027156 3.760551 11.142406 0.237588 21.512079 34.994528 0.260720 1.096336 2.069514 69.452258 66.118839 2.719905 0.809633 19.219034 1.261038 2.309770 1.215694 0.087237 0.027078 4.158321 145.102846 0.022520 29.073036 1.102157 0.027103 31.868880 9.164079 11.833910 0.668774 0.095863 0.042044 13.332168 13.467879 0.235875 0.929924 2.528341 0.163738 0.246456 3.042267 9.076892 
7.909550 34.244655 0.833210 0.149545 6.735074 0.939145 14.153128 11.205587 0.306877 0.136842 9.078983 45.974900 42.904867 3.389146 22.596282 34.018922 6.332778 0.122387 0.043076 0.129176 0.492827 12.851965 0.084567 0.061963 31.845439 0.130166 0.190274 0.556081 19.237343 15.950692 1.861990 138.767369 17.733688 1.520074 5.028375 3.290222 5.027668 34.807799 18.155300 11.263492 0.321766 1.204991 0.024294 0.271331 2.686909 69.883984 
4.984442 60.598811 6.662946 12.219926 11.015432 0.023904 31.408562 0.036332 0.066392 1.217300 22.771007 95.095729 0.566721 3.010543 20.053373 34.141110 0.038291 0.306331 3.545539 34.855804 1.800524 0.118493 60.054515 0.062708 3.460545 0.756275 5.583812 0.059628 5.155472 0.272167 7.881598 25.573809 0.104163 2.837377 7.219868 0.818905 0.678576 1.056479 0.657257 0.327177 7.709773 0.837453 1.875594 0.059584 8.397183 0.040723 63.203008 61.912682 4.101179 1.720004 
0.072865 0.746113 2.643071 0.175506 5.863413 30.480083 0.176809 0.252052 33.907383 15.569985 4.106926 290.836609 6.294537 3.526472 0.106069 248.698014 8.560613 29.839726 4.241298 34.727468 0.050462 65.991217 83.409936 0.037065 1.209685 22.115275 14.853476 0.055717 18.903305 0.499742 112.509753 0.638819 0.592491 0.040837 0.267735 0.817925 1.188249 0.403644 8.659535 0.061732 0.037013 0.143198 5.499787 207.436996 0.253682 0.031047 59.795494 1.796984 1.830791 
2.631298 18.232571 0.033505 0.055822 1.111354 2.599643 18.795584 27.314529 52.182727 7.028011 7.089357 302.901685 0.059701 2.891048 5.131500 0.057253 10.361786 220.582771 100.400943 180.401918 2.814406 0.047715 10.462189 0.045894 3.627377 0.344510 3.459896 1.183333 1.406778 5.917849 34.479419 117.273225 29.181904 0.086684 34.007408 2.972010 0.187196 5.772989 0.037963 1.976423 0.244925 50.093516 3.627870 0.850911 118.801910 1.538930 0.068391 0.034363 25.853451 14.018634 6.107380 26.949663 6.409942 4.173036 
14.379080 61.939281 2.111900 51.824416 0.186727 23.591043 0.107891 35.886563 79.000213 0.246575 1.811730 40.224485 0.578677 138.430008 0.079286 5.357443 165.522286 0.157580 8.552935 0.843465 4.437543 7.599816 2.789239 0.051205 21.056823 8.476999 0.229243 0.060944 66.947130 0.177338 0.865800 2.743291 0.247450 3.124227 11.274753 0.304593 
41.710492 3.985937 0.217395 1.794514 3.082322 61.983185 13.985180 12.989700 103.901510 29.628900 4.049870 26.355635 130.025897 18.127542 0.251768 120.818787 322.811625 0.243957 7.210418 1.878140 5.631843 62.324618 8.326060 0.089105 0.048142 0.803274 169.138354 20.737628 1.996396 0.230346 0.386779 5.329266 2.510568 41.393192 1.188427 218.288116 0.254487 0.585214 17.473255 3.061759 11.490251 
194.168823 0.986047 0.404956 6.983449 0.326669 0.229350 0.057408 4.863480 33.512176 12.173359 145.894080 63.962811 9.902475 4.480794 0.248371 41.576118 125.048681 0.209582 2.370824 4.466610 0.130127 0.148483 93.314482 0.064957 22.454123 1.161834 1.335046 1.187755 0.192252 1.789353 1.323645 24.707710 13.687955 9.614261 85.925159 10.326460 1.689148 0.390395 12.718566 
0.248014 33.426028 0.237359 25.178219 5.471344 0.841319 0.220184 0.636877 110.229685 22.202648 0.319630 127.630213 21.291361 2.988857 0.039085 13.444809 0.108909 0.668621 1.344235 13.216275 3.248238 0.087516 4.050478 0.142158 0.437211 0.202808 32.645250 3.635306 0.331254 3.233397 10.140558 98.124139 1.025580 3.063545 4.352386 2.171725 4.972662 1.187653 4.698755 6.933749 37.447596 2.815051 0.839546 0.127127 28.800472 1.252041 4.576743 
0.669974 0.613924 1.339048 0.171165 272.335328 9.706443 10.303962 0.050483 22.879696 0.102637 3.335304 69.236404 7.957913 0.488483 2.327549 150.293356 0.140612 0.119957 0.937670 0.957760 7.196787 11.442255 33.758259 0.053689 22.645494 13.278035 5.747598 68.990904 50.284101 2.877159 197.567117 1.551973 15.415266 0.391768 1.237601 0.213566 20.493772 13.852988 314.487933 1.333408 28.545105 0.716871 1.234085 0.743935 76.833227 0.194566 6.706834 16.877745 
8.959168 0.469896 2.183207 1.866918 23.739270 8.516494 11.979847 12.324548 11.341319 4.934177 3.726857 87.253227 0.051695 42.697660 0.058018 61.221254 0.152222 11.804071 0.382770 327.294756 281.927206 1.910173 1.792166 0.111397 2.832190 10.230180 1.288001 1.495777 26.693103 4.486238 5.278903 
6.949782 0.452892 0.126413 7.967207 36.924356 4.916749 10.548582 3.841366 6.956912 21.153079 33.153998 95.704787 0.048260 3.072653 0.055413 0.529312 0.136905 0.207372 0.222249 27.962933 15.370638 14.326987 5.280130 0.529210 3.238905 3.377762 1.053296 73.953225 18.153450 38.889598 0.466972 0.585167 0.402246 1.113043 0.130194 4.606634 35.026472 7.812200 3.581846 21.685668 7.614672 16.913274 
6.590489 55.124907 180.699497 0.116553 1.140963 0.840990 5.517581 0.775026 1.107755 26.241358 17.717938 58.790124 52.829944 0.253218 0.158204 7.327206 0.094820 220.100210 2.304071 31.863430 2.552764 1.055797 8.909755 1.117750 36.050880 19.377917 0.629821 34.927332 0.150517 6.855899 0.100724 0.341368 0.055663 2.262308 0.392131 0.116755 19.721161 7.281586 
11.141276 6.908320 0.212723 0.066020 1.349949 341.596384 6.139716 7.997363 0.283250 132.560851 20.671236 127.214533 10.721099 12.665059 0.110195 6.640282 0.062088 44.833602 17.049027 12.365526 1.271604 0.045027 48.945058 20.710446 38.688434 0.127100 0.663993 5.776308 8.257204 1.949251 3.101906 101.539944 26.745131 
1.840637 1.931209 9.225384 0.197025 0.681844 0.326773 21.310839 252.402165 255.827270 18.204240 4.812808 106.752626 89.312177 27.873037 0.137444 1.255507 0.093866 217.727491 1.140439 157.778569 0.050278 0.115326 21.952983 0.127093 10.468173 17.120787 3.695303 0.449827 4.113234 0.223823 2.513439 111.482889 32.268647 9.402365 4.242250 2.936505 10.401201 178.629642 0.453585 3.041949 
44.258882 17.848088 8.037776 1.676200 4.773322 3.063841 69.007779 14.637552 0.344415 71.012453 0.463377 98.532903 109.078500 2.159690 0.117571 0.823333 0.060519 5.233785 0.935038 0.920627 2.852698 15.995645 15.131328 121.342115 0.295388 0.597347 3.376634 45.115309 15.258160 38.795001 3.048402 0.095756 1.349291 5.499923 0.204942 56.315453 6.700315 
8.875003 24.685994 20.123517 99.562290 18.103244 3.650705 5.127859 68.529972 0.211359 1.305104 0.485387 103.470652 2.609364 0.107828 0.052628 2.121425 0.097241 153.780095 22.159591 34.010420 20.871536 0.043521 286.726532 0.506622 2.309586 6.198970 190.541137 0.320755 4.300424 0.717064 0.165349 10.824103 3.305945 1.592157 0.161526 0.056160 4.383502 1.645253 
1.914958 8.655538 2.481380 0.172840 0.985837 4.830514 2.721144 28.096948 70.201517 1.762001 75.671353 99.250612 0.104647 32.140286 0.126048 1.640602 0.017913 112.108287 0.138774 70.929192 2.056863 18.283683 9.455515 15.095298 4.721810 
21.123592 0.510987 23.012669 12.050212 0.021691 2.977542 2.814666 13.175688 26.449247 0.695855 0.451505 79.607246 0.109014 0.250466 3.319374 11.692537 0.072643 0.083865 0.544639 50.881249 13.024534 0.055690 0.357838 0.187784 9.990163 0.917456 3.932723 88.383555 0.065640 7.164590 0.242944 5.154129 61.990806 
0.420573 1.490272 0.136724 5.660962 21.831077 1.992165 3.228873 71.435094 11.659929 1.471174 1.378128 84.566751 0.608546 0.296287 0.140881 9.468328 0.095278 108.168986 0.080175 37.712476 11.087310 0.042952 4.989842 5.392162 0.786802 194.354931 33.224200 0.453459 0.975773 1.787441 0.059357 10.028597 0.507859 0.152389 2.743304 64.950187 0.564012 
0.415362 0.166725 15.338261 8.504717 1.734982 0.095880 0.110832 6.133351 150.579101 18.766993 24.102199 57.003753 0.482948 0.374662 10.885537 6.726114 0.175838 2.632492 0.087563 57.118037 2.849406 0.055625 1.505257 9.524604 63.226082 4.291832 0.241148 134.104244 44.690149 86.494619 26.069934 
2.049408 0.966473 0.032890 27.627400 19.906903 0.097040 0.974838 6.437589 22.029619 2.402423 10.012144 70.584828 0.255033 0.455801 0.146997 4.881699 0.157460 0.053110 11.530529 105.156069 0.740488 5.760069 0.046586 124.588212 0.312635 6.708879 0.206459 16.675004 0.983610 25.666683 17.385822 5.472334 2.933745 0.090389 
12.798307 1.015599 0.060545 6.518283 5.616491 1.014214 56.193522 0.303012 0.220266 57.847698 1.829802 48.292445 19.135932 14.641084 9.313052 0.952598 0.168886 0.036667 2.242717 17.763121 0.346071 0.105060 0.217283 36.565583 2.478879 7.955021 10.165710 41.309325 0.646701 11.813747 0.215065 24.119707 7.315590 19.831401 81.689842 12.135449 0.415413 0.243226 3.391923 155.588657 18.502527 43.755012 0.175165 
4.246191 25.354707 2.193648 31.993125 39.517755 9.574738 2.917356 0.401922 39.177874 3.248211 0.381994 30.823166 2.202627 30.675538 0.037377 0.432129 0.274683 0.027451 0.031175 19.895208 0.310648 1.952563 0.523286 0.866118 0.744315 1.045432 20.743914 3.383527 12.644599 59.065330 6.786419 0.069262 3.520361 3.484251 0.271479 13.581423 5.217458 5.259490 3.280797 
54.138072 0.792096 0.667740 41.521413 3.299289 1.940702 0.087881 0.296634 5.599996 0.325667 302.793452 64.085381 0.062122 0.612907 17.473043 4.674259 0.374315 0.051184 0.627329 21.659688 2.644002 0.742521 222.114510 0.975091 0.043815 13.291016 7.651671 109.634707 8.181283 
5.820914 0.060734 89.091373 3.046070 0.378901 5.691461 16.079516 3.939412 0.198013 0.066693 17.785791 81.340931 1.075724 1.177331 91.641903 107.282736 0.210798 0.084599 112.373150 9.373581 10.693504 0.199682 1.781837 0.286922 8.930403 12.853271 1.884032 6.506157 68.668065 4.396228 0.941220 5.432075 
17.297552 14.516630 1.036386 11.970074 293.887187 0.843763 0.351398 2.190046 0.225243 204.372541 17.352601 80.223487 0.506210 1.413507 88.802986 48.428800 0.286202 0.068013 0.184117 47.178486 1.250943 3.276233 0.099923 7.200131 149.278414 86.034559 
0.259063 7.558597 0.661068 15.100925 28.517718 0.032865 0.877829 59.539459 0.183228 11.806298 10.438039 55.428436 34.123490 0.322780 211.566806 273.642071 0.274206 0.049991 4.893981 11.856659 0.211687 38.311657 2.241278 42.850446 0.192061 38.754972 0.100461 143.836332 223.926627 127.978994 3.761556 7.709099 0.397910 
13.393211 74.002465 1.740770 2.091540 0.853022 295.530895 0.286772 0.070732 0.518707 8.700139 0.071084 0.402465 2.884038 43.589087 5.160378 58.068639 18.293422 0.067011 31.073662 0.087677 9.888703 1.015059 0.372037 12.062645 10.469949 6.993865 0.328255 22.120123 32.290614 155.952265 0.802796 15.712628 37.300866 4.897561 5.453288 0.911919 
0.404272 7.022539 19.241429 0.102850 30.383009 197.744265 0.047623 0.235101 13.616279 8.549863 0.078967 1.242597 0.980905 5.205494 3.212450 4.703831 9.416552 0.085481 36.097954 5.347499 16.563162 11.947234 5.248914 1.252748 0.283624 15.923452 2.964883 
7.135458 9.000387 11.643333 5.507084 0.417893 7.672155 0.297553 0.444363 7.009456 25.889260 0.107124 0.098183 1.920730 0.078437 89.732817 11.519820 15.420528 0.057730 31.847035 4.882712 0.604421 4.455799 15.446454 38.220873 0.103630 95.442101 1.160422 20.629559 
5.159914 0.047481 0.171283 0.288910 282.140465 6.919865 1.549312 16.762419 188.173978 25.869311 0.644330 4.450631 5.196069 0.245726 6.044568 12.950522 5.100114 6.741626 18.509932 4.833288 1.164547 40.921750 0.119915 10.715947 1.821362 0.645684 
0.446122 0.040078 0.651941 1.759244 34.593201 1.251316 6.083948 96.105407 1.294945 3.769508 2.003843 16.735820 111.526260 0.115318 3.427819 1.397176 1.014429 8.117720 16.498113 151.890074 0.631981 11.372616 0.175600 1.239861 54.915148 10.354784 83.579191 0.589774 16.748727 5.615590 11.194868 
0.763849 0.046166 1.731963 68.176979 229.137570 2.107437 9.978493 47.693510 0.135789 0.168067 0.191329 17.117684 41.115018 10.827740 0.819100 3.897619 1.517687 4.982411 43.227540 170.210017 6.728697 0.216734 0.604798 0.406777 4.275465 358.468237 1.842262 224.058994 3.262853 24.901305 13.084471 0.099726 1.808041 0.122334 138.070151 0.635933 31.326288 16.426840 0.347325 1.457258 0.723802 17.801861 21.302754 0.328738 1.536590 
1.509922 0.090307 72.692894 3.627794 6.308183 4.187497 3.739257 17.695888 0.330074 43.964382 325.991447 0.069393 47.434200 0.660694 73.325148 0.595681 19.926978 0.122704 5.854911 17.406524 1.359625 0.238505 1.323598 9.673913 6.793630 12.249432 1.423958 274.403090 21.176098 0.327218 0.861139 57.058514 9.565552 1.277837 
16.732666 0.098597 1.796456 104.909626 0.088534 3.888087 119.574743 160.122549 0.494716 0.246609 4.996670 4.379239 2.069668 16.603814 15.660861 23.824817 30.116066 0.105143 9.280045 14.904516 4.880979 19.356015 0.105074 0.926500 45.852055 5.489910 
72.457031 0.179555 0.882810 21.166743 0.787791 6.225243 252.498868 358.342755 0.450066 0.067364 7.683513 24.012849 18.727351 15.654354 284.190135 163.921718 19.866816 0.067567 0.144341 0.480046 0.130165 1.590455 42.942178 19.646566 1.853038 4.708916 1.069248 3.104457 152.630900 
62.230211 0.104152 1.248892 1.343562 8.216102 3.451632 5.715281 38.163143 11.531018 0.129292 15.892514 18.246698 0.529982 2.164884 8.881471 0.082251 24.176532 0.080725 7.948957 0.782726 5.821859 1.257787 17.864116 19.777715 42.343131 5.072940 5.989005 10.234187 6.129533 3.551712 0.856423 4.740245 27.448415 1.675714 0.187926 1.709315 
0.682589 0.129888 2.849641 31.412739 0.155228 10.897042 12.644530 43.851693 10.550457 0.129950 0.140972 0.799666 3.807221 1.172579 30.338832 2.856828 17.861154 0.808620 31.574760 6.564220 0.299665 1.793713 8.954003 22.988578 0.341472 5.005805 4.284697 0.117595 2.872772 18.417105 33.937506 81.324934 14.754341 
3.785061 0.062016 0.125796 80.327910 2.762631 2.615361 14.955683 58.261864 8.469136 0.162366 0.077801 1.223443 17.101852 1.400621 4.971284 34.078571 19.671960 2.670416 12.049150 248.301489 6.100683 12.747518 94.000793 5.556202 6.165295 32.191662 0.522738 43.515172 18.199214 0.633737 50.209581 2.359947 0.246893 138.334592 33.853313 4.910637 3.267793 4.430670 2.291594 45.542202 
2.490523 0.058954 0.153268 2.282031 28.059501 8.206318 9.791928 4.330141 13.767711 0.183654 6.290693 24.022768 0.751937 26.298724 0.241362 1.702290 24.420491 10.546422 0.474795 0.314597 74.944970 0.360823 3.635714 361.429906 11.443821 45.217021 21.994789 0.376231 0.867706 38.341892 
28.150133 0.090655 0.079389 0.584537 130.763496 0.268961 87.897737 93.638166 9.217402 0.194394 0.106829 0.215455 1.935675 80.875529 17.663941 8.404757 16.784751 0.603985 2.792528 15.952171 5.908659 10.326234 21.894647 10.793819 3.992733 1.835213 4.426773 4.340416 
0.157919 0.052673 0.205558 5.000413 91.342064 1.283939 119.176017 2.781500 11.903672 10.529011 43.953020 194.339353 0.185589 0.137673 0.072753 0.196989 25.180032 3.392969 13.049121 7.175993 30.951663 21.425806 139.069178 0.281278 0.201560 3.478761 4.116579 0.088094 2.766613 13.928104 1.019651 3.282337 9.394006 2.260304 3.331518 
1.328338 0.100682 0.094930 30.124625 68.940564 4.643310 80.968567 20.253223 6.006221 0.826637 14.388483 3.493784 2.210607 0.113860 0.222230 0.455560 17.908134 0.553903 9.203375 10.028862 0.317661 4.827095 41.557183 10.185895 26.495617 22.358389 22.930243 14.105497 1.746117 
30.885709 0.090566 0.172670 0.065680 10.937229 0.183847 48.336525 33.336989 6.299420 208.926615 74.433006 0.373112 4.961481 5.996850 7.773780 0.306704 17.679670 0.283294 143.287089 0.212856 8.633957 27.335209 30.674188 1.097331 2.299941 0.164002 1.243751 0.874617 0.165203 10.042107 6.858585 3.236585 0.079462 1.111297 172.640079 
42.669056 0.093783 0.078421 3.036009 10.714734 0.917801 18.693603 0.101844 0.369017 9.245916 13.856974 31.230008 0.226108 0.115276 35.132843 15.522362 21.162203 2.230500 62.209379 60.437387 93.962703 0.082498 325.933382 10.873431 0.500961 
0.093042 0.082397 0.196154 3.410020 15.701257 0.635751 55.167470 0.596722 67.246704 10.358594 11.194366 436.659244 58.544875 0.141151 0.226198 77.805214 34.830400 1.509589 0.189702 0.517013 0.739517 17.204835 20.640558 0.543794 
7.305350 13.993137 0.050769 201.897078 48.779596 6.846872 7.339259 0.281320 19.156827 45.645534 0.079500 0.280961 8.546247 0.242364 0.900421 0.238324 120.361881 2.698937 11.149227 0.187104 9.078514 4.191862 20.953511 317.585825 32.555656 
2.446678 15.400960 0.056845 0.185437 35.041399 57.778336 7.950150 0.342717 11.399133 18.806299 3.454030 0.163813 7.127616 0.126645 0.245243 9.151688 40.541658 6.091160 37.742971 0.216395 9.522788 1.309215 173.188498 2.429173 
3.022294 0.269915 0.068574 10.520521 77.871739 38.259567 6.353842 21.518657 12.487380 2.599778 0.260485 0.146989 7.387180 0.162042 22.622328 0.262776 6.815040 269.736946 24.564023 1.565249 0.408410 0.804017 4.879340 9.686713 37.920645 
1.928252 12.252048 0.065570 4.530080 59.070040 20.738787 0.180090 19.151337 8.550942 11.260322 8.118237 0.159913 4.685371 0.064381 84.749494 0.111057 0.074144 0.396439 113.398319 3.345403 1.719888 1.211727 0.143647 1.643783 54.801962 9.860725 0.812738 162.036421 13.822477 0.052383 84.753725 106.356971 8.503600 2.479147 0.172135 0.087876 0.157847 18.586405 
0.136967 3.031441 0.038062 1.205450 44.311825 14.099824 6.213045 5.242367 25.052448 8.353423 1.432864 0.163840 1.550433 0.552024 42.739598 7.999329 4.809390 2.670266 13.113533 5.144549 0.112446 0.748916 48.115372 61.661280 10.989286 0.301832 12.773953 4.114467 0.711284 6.591309 
0.154853 7.254582 0.155500 0.328456 146.877374 15.902483 1.109594 12.900097 0.303674 8.414220 75.395958 0.119850 4.873625 0.059363 6.811153 44.246495 2.792648 1.750657 15.024864 34.291963 6.656960 10.433423 11.088352 9.218399 0.135339 5.291410 97.953790 5.045199 2.449294 2.397404 0.637305 20.793967 
0.432930 0.076964 0.152486 50.185046 161.795864 69.171460 0.039265 14.550375 0.335495 10.037078 2.107363 0.035401 64.859810 0.715876 8.922617 2.976015 7.066342 1.142632 10.521868 45.716396 11.308982 1.737343 3.600171 2.600051 8.571527 0.793254 10.388127 
1.261471 177.485292 0.107116 37.948031 126.943706 108.896053 0.050921 12.556071 0.134060 10.685018 0.263613 0.082476 10.952517 0.051133 13.964499 0.742045 3.200443 1.277850 5.826283 22.835122 18.559746 0.821803 5.582733 8.040232 29.759244 1.572064 
14.401705 0.777649 0.040183 2.162216 134.684138 15.289070 19.234924 9.455177 0.108754 10.013458 0.215383 0.074201 31.522418 0.292577 46.004307 6.741898 87.343222 5.641433 1.790138 10.008811 0.571255 2.854791 1.411642 6.102829 37.966883 0.448535 22.221119 13.007235 8.506662 78.980450 2.890709 43.129375 23.361231 1.282229 27.841715 1.012850 
7.819786 35.154104 0.051545 142.330352 49.251963 13.340100 0.209684 224.484181 0.311515 0.249579 16.440528 0.064351 3.115690 0.187057 0.078792 4.989883 7.475790 5.889389 5.852592 81.684297 15.035916 0.640086 171.730587 1.850628 8.045129 0.672755 3.127323 20.893970 3.048169 
2.213102 4.333341 0.087503 0.220443 145.557789 17.446951 57.617394 0.590066 1.214147 0.211230 0.959462 0.056768 1.606720 0.633649 8.130402 11.710142 19.043349 0.109497 0.374953 11.169038 7.804941 195.623130 1.540260 24.555550 213.530645 7.624618 26.427957 3.424338 11.148824 1.332208 10.859547 25.499229 
11.862127 4.624091 80.289581 0.080566 72.403663 28.425811 42.997515 151.627982 2.703416 16.116648 1.124007 0.088278 5.008454 0.436303 0.566455 10.045737 18.569489 21.631373 7.504018 6.941517 12.185896 0.041861 46.295037 0.618511 0.547497 2.588658 3.696129 1.265104 0.373292 2.188827 
10.874065 16.872244 5.066053 0.227069 67.804077 69.992705 18.396085 0.215926 0.908363 1.128690 0.537237 0.150915 2.449003 0.246081 8.672726 15.885176 65.885479 1.612174 0.115732 31.653878 14.742509 0.023732 38.095473 0.150992 0.022035 0.456713 14.709969 113.365248 55.176132 4.254561 3.175019 103.912325 
14.825334 0.071974 12.939529 0.166990 51.590883 0.380602 76.639278 0.057794 1.946723 2.483934 1.178997 0.125997 0.034038 1.158398 7.954424 22.620276 67.308395 4.676939 13.591010 16.711881 14.632128 0.139539 21.783575 
14.561127 4.172152 0.066422 38.844800 102.087203 15.033336 6.911309 0.077834 10.575427 12.014774 0.132747 0.081567 0.686759 0.545118 6.462851 0.181316 0.687417 8.133609 35.247788 15.015183 11.253678 0.224348 10.266827 0.681383 0.096718 70.889831 1.538357 0.044182 
33.728379 8.060807 0.294333 108.055038 64.543176 1.383428 1.898190 0.057770 0.939189 2.622710 0.472106 0.099786 10.846236 0.503241 21.439273 0.062087 78.783956 7.229606 13.228154 4.762259 0.240045 3.509774 0.600053 1.271819 0.084478 0.863436 
0.343717 4.756778 0.491969 10.193162 63.521375 45.504542 0.091379 0.067451 0.125057 0.191404 4.162628 0.075783 1.486310 18.231858 171.231159 38.552291 0.945300 10.024651 6.517378 0.334839 15.576255 4.437286 0.694800 24.145189 0.621262 
0.063310 82.263812 0.165991 25.413800 55.846931 19.299947 1.865688 0.052285 0.906056 7.694032 10.819496 0.045149 26.703743 13.907128 4.039949 0.480037 0.465545 14.468785 7.192068 18.796140 11.672139 0.883164 21.287963 41.875864 0.019877 0.068432 0.813773 0.943437 0.217653 1.710293 3.356095 11.335144 2.016658 0.081481 3.309728 0.066122 
8.833730 9.029363 0.066452 0.086509 112.348544 3.555999 0.059595 0.030121 1.068163 49.904956 0.200299 0.124469 0.867742 38.682348 10.684448 13.094989 0.534624 73.766831 10.296441 11.977196 27.558272 1.332201 6.176110 0.598784 197.797508 2.226281 3.390622 6.594755 1.633295 0.184808 95.259789 1.729442 
147.361862 11.475774 0.096064 8.449246 18.100380 5.124022 0.051349 0.058094 0.898002 2.166159 4.821786 0.136848 25.527097 0.045103 5.761991 0.880494 1.918540 0.175769 10.939304 45.084122 43.911812 115.591103 16.127434 3.112866 1.940407 0.427726 
120.592528 10.439213 0.116363 11.592788 0.041620 12.415831 0.382388 0.081373 1.780566 0.948898 4.761552 0.157405 1.541782 147.145182 274.029015 7.118625 0.646182 124.622458 1.396294 33.234360 19.578383 25.789652 17.327461 3.273306 2.368595 5.534724 2.603131 
11.630415 35.070201 0.670885 23.932814 0.207062 2.984544 6.045817 3.639293 10.615443 0.536765 1.565980 0.226986 0.096353 4.033577 97.531217 0.291944 43.204594 0.082843 3.756843 48.362989 0.606940 0.054321 251.186498 296.847510 7.104645 2.401411 6.118936 2.553832 
7.630214 17.629507 0.068155 0.323729 0.165875 0.163642 2.108567 8.278787 2.252601 40.803749 1.429931 0.127756 1.073011 1.507269 7.807559 0.208337 239.249669 0.106041 22.882257 84.278851 51.943323 542.242194 11.466686 281.908637 0.740369 7.224448 0.169556 4.919694 40.033017 3.801642 0.341292 4.589347 46.076305 54.922266 39.425728 72.883897 0.881077 1.425866 
6.055904 18.290167 0.056873 196.963715 0.179665 79.109864 22.540991 3.993039 12.116486 1.975222 0.807664 2.946248 0.827632 1.020571 13.181747 8.445941 3.311223 0.122620 8.985382 100.449795 0.145212 11.442851 6.287006 5.887830 3.575100 71.582642 2.572278 0.085452 30.517039 25.604681 0.409168 43.272388 4.093352 215.880014 2.025831 1.976965 1.363921 3.857828 275.658715 42.503148 5.901079 
243.870099 64.510317 0.118006 16.588534 5.021297 56.858176 0.055057 0.801826 3.605325 0.443246 1.703369 5.884748 0.129844 0.236605 3.910311 0.353233 62.694796 0.086284 16.791424 94.747575 97.642194 16.085676 1.275134 17.183625 12.132702 1.144101 10.734375 48.789113 
85.416012 35.223990 0.175429 1.309695 1.799093 52.494595 3.722056 1.932862 0.156206 142.543980 2.420867 37.007024 0.166033 0.508114 4.269561 4.087516 0.188979 0.049163 3.343928 89.204034 0.454797 8.400429 38.905397 0.276549 0.160630 11.737741 0.056870 2.864822 11.239023 2.137730 0.318023 0.279050 35.980253 
28.906209 9.308380 0.118933 9.584748 1.398622 27.795992 49.350900 1.948197 4.974341 0.671962 0.177163 27.208088 0.067371 119.250475 6.064865 39.353807 0.434390 0.105965 0.112400 161.328908 1.836119 8.609983 2.751219 29.464269 160.461890 0.346014 64.345339 3.632444 
111.695117 11.019617 1.283638 0.041316 18.619382 6.313214 0.300816 29.986752 21.796987 0.118314 0.081631 5.229635 0.517556 37.296469 6.313715 0.419408 0.559876 0.162580 0.333003 65.231789 1.101396 16.519621 3.388819 7.318900 0.645344 65.518957 10.912438 4.670800 0.843556 0.714431 4.125335 15.285517 
47.108858 13.964576 0.094873 0.074505 2.969230 11.932308 0.212521 70.057998 19.009410 46.175610 0.152497 5.840733 19.014421 1.231091 8.309929 0.783044 3.924452 0.295128 0.193515 0.735972 0.212200 
115.912407 12.703099 0.034569 0.097741 201.512941 0.472570 0.114502 69.582214 9.343649 149.187813 0.158796 184.326305 8.315710 0.352173 33.778865 0.027862 0.747878 6.508517 0.137861 6.546123 0.360610 1.629182 1.156590 0.192716 
22.324420 15.786859 0.029983 0.124234 9.297016 0.809103 0.241184 40.721736 184.252309 0.107020 0.153364 21.124311 0.935104 0.511380 13.907676 0.027437 1.057210 59.990890 3.038553 0.049246 0.525903 12.683996 9.259154 64.968103 4.308684 0.580509 18.200950 0.096506 6.980606 
136.395547 27.244915 0.242415 0.162134 9.436064 0.581074 0.826216 111.301967 28.393397 0.020633 0.079477 0.371015 17.223098 0.797931 6.402609 1.014894 7.394938 0.238459 1.695691 2.332290 0.159842 12.788635 0.037527 0.127975 4.810456 11.702309 0.100367 42.460741 26.342757 0.307892 1.887706 45.435190 111.171606 60.495335 157.643049 10.269586 0.141280 0.812298 1.925591 7.980714 18.929369 0.034325 1.338530 2.295483 0.770850 0.037341 0.643721 6.004203 1.126349 
22.764296 13.285803 0.159475 0.044007 0.058075 0.476665 48.869473 61.287987 0.540242 0.144561 0.264147 0.137717 28.110427 21.803750 10.958234 12.041130 117.480365 5.957682 5.326068 10.937362 0.066460 3.040262 29.915756 
5.349463 25.181834 11.846315 0.117007 0.029071 0.282071 4.162968 64.996647 3.697296 0.108507 0.181881 0.433362 25.718052 20.286154 11.962718 4.846174 10.728565 0.044487 7.942836 0.132515 12.788663 0.035768 4.871276 3.124275 
1.677807 50.314476 12.354844 0.068696 21.556661 51.765280 0.771826 70.557954 2.296334 0.537861 0.117639 24.906085 15.914892 3.615686 6.395037 0.949092 1.501279 0.035813 5.841192 0.140121 0.027166 62.919530 0.213846 35.722513 0.080194 0.026416 0.515517 57.328725 5.125718 0.508990 18.919187 1.959965 7.996553 1.947861 3.196349 0.060713 7.798479 4.159348 0.236947 0.249530 1.270007 
0.884235 23.146508 13.213964 0.137246 6.344824 0.668085 13.609008 88.233278 40.206070 0.021048 0.147679 10.281991 33.962000 25.256228 6.876956 11.118590 2.929231 0.080534 6.417854 0.299403 0.693060 42.028246 56.378266 0.070775 0.793166 4.016772 3.976186 5.019244 9.123868 5.954154 7.305097 
16.249712 50.472222 18.687115 0.153297 0.042301 10.936846 68.863772 57.986492 0.068585 11.715532 18.356877 0.762997 14.479174 9.285991 9.061458 7.804889 80.299009 0.014595 0.215862 0.035160 0.046044 0.184091 12.103600 0.022704 0.187003 38.961892 6.745711 0.068226 7.237158 
0.324453 14.189717 20.208434 0.056773 21.599656 16.191355 85.329248 60.380202 0.171852 46.535387 16.227978 0.991528 1.849151 18.703902 9.546308 0.382318 4.530241 0.157853 0.161306 8.559604 4.008577 56.172842 0.208651 0.359740 3.488338 10.686288 0.397288 0.454223 0.603986 17.926714 1.120018 32.727118 0.609759 14.674162 0.569053 0.567355 9.752720 0.150392 5.885680 1.466384 0.132730 0.113158 58.698416 0.428644 0.677772 0.159982 
2.942777 3.368459 66.572355 0.104380 4.070547 2.376086 9.972737 58.976852 0.077180 0.518463 0.079449 2.007808 5.368915 7.388982 19.293405 0.089090 22.717599 2.181295 46.094355 3.524937 0.949238 18.821295 0.088349 4.357559 0.234265 0.342586 98.750288 0.074804 11.823303 31.703482 101.931563 0.062756 60.743622 0.044650 12.198271 129.973753 1.296123 0.233326 30.297846 1.138526 11.596250 3.440876 3.434040 0.167583 13.249808 23.228087 10.289622 0.081030 20.969602 1.058304 5.658975 19.947256 0.422411 38.930083 
0.033706 0.058877 18.564842 0.033909 15.362828 3.857489 0.757871 76.862484 0.073685 3.983889 5.318952 0.993939 0.292656 0.297508 7.747359 3.275559 20.879436 3.082859 0.116659 12.559136 5.992636 22.461832 0.028649 17.576259 0.086416 4.295981 1.776318 156.544232 34.781203 26.831025 188.451315 0.283165 5.446865 19.447829 0.121812 44.847066 144.935935 139.060927 0.076024 0.057057 0.758324 12.263017 146.916553 0.043401 0.297354 5.059640 16.763611 0.418840 0.101950 1.231766 4.628844 7.434982 0.196284 24.820639 16.182589 
10.689544 2.275697 16.651013 0.078614 2.874053 6.527955 230.491830 51.994786 0.119768 7.401970 268.842506 0.116210 0.122893 0.575692 7.102762 0.046628 4.806585 27.644311 151.179113 30.432026 0.738602 5.756947 0.059376 3.985642 18.399765 0.918232 0.195480 12.824418 32.814736 19.108270 23.634385 0.031461 0.595321 113.318813 128.480019 15.421837 0.137587 188.162328 18.362610 0.518359 0.315448 4.227180 20.636578 1.777677 0.494088 
0.145546 0.617548 21.955342 0.056375 0.408968 0.278639 13.985731 196.459809 0.153674 20.238462 6.884231 0.180712 11.843797 0.253122 5.725046 0.054359 65.632360 8.490609 0.886151 4.828331 0.420751 7.551913 5.747369 0.061349 2.455457 9.532178 184.762884 27.801615 3.893876 85.861344 0.734181 1.391897 
25.998819 0.820442 81.671910 0.049570 0.030802 0.285901 9.792894 16.778267 0.144182 5.947540 11.688127 0.131487 0.826671 0.863753 7.911053 0.057493 2.836678 0.079474 9.991106 2.235527 30.808646 2.380591 75.083055 2.418609 30.485694 90.242224 4.207917 109.881294 3.309398 118.900631 3.417914 
1.377318 0.934531 17.726891 0.036910 0.899588 80.260006 4.278253 39.975393 0.162448 4.473784 8.791653 1.046096 0.026694 16.020742 9.991556 11.978937 0.321768 0.076210 11.405740 2.787910 59.531479 0.050595 0.199165 4.431874 135.815206 0.334293 8.664762 1.311530 
20.631859 112.982691 0.882767 0.045758 0.989185 78.943902 0.353478 56.345700 0.119536 7.508253 12.028819 0.884274 0.053416 22.975369 26.380899 0.031487 0.134280 0.051545 4.489042 8.853751 15.032337 1.527168 170.245514 1.925930 8.525544 5.203065 2.726543 115.975493 34.062135 4.312936 
4.994375 18.978591 27.704433 0.038525 0.154023 102.883280 217.635645 61.784780 0.071265 60.958376 14.646840 1.626456 0.261031 27.127331 0.156832 18.809449 0.152953 0.220393 2.630434 0.202123 0.179379 2.968652 16.366482 0.434720 1.150786 20.578742 0.193991 1.452976 31.611787 0.044484 9.745099 0.500199 5.026936 0.232765 15.600317 0.439713 0.683332 4.595169 46.361810 12.282853 4.048324 38.418152 0.451226 24.125521 5.918920 11.458221 1.491600 
0.247131 0.577465 16.958878 0.031154 0.210505 138.509895 94.026814 90.988768 0.075512 0.612321 15.182639 1.038666 4.738373 4.007531 0.145658 3.100500 1.909989 0.143172 8.686027 1.872493 2.092806 2.033244 3.174196 52.525063 0.781652 0.040449 118.904427 20.953360 3.011503 18.957807 68.579947 0.050191 0.097025 14.734654 15.178426 15.371286 3.675513 84.297484 0.068834 9.001329 
66.217170 16.597672 16.482653 0.032585 0.213176 93.775471 19.564104 1.333302 0.048483 0.374297 16.966891 1.317743 0.777862 7.950164 0.146893 0.754597 0.772913 10.179504 163.847597 0.217433 0.425891 11.183563 10.793506 1.789185 52.892813 0.188177 5.036610 19.548775 1.575663 23.538800 77.701512 9.243818 19.300287 2.634781 84.759625 0.687511 9.738813 0.142085 8.002458 
33.142790 8.482128 7.922191 0.236663 0.553262 33.756384 10.146629 0.222655 0.049140 1.360529 21.834064 1.003530 19.412137 42.304023 2.553560 0.024562 7.000364 1.754688 1.279627 11.498553 3.073537 17.095886 10.363723 3.790718 16.188129 0.207607 5.820038 0.640793 59.080206 4.153777 0.716630 15.271424 16.595057 
84.539828 0.063648 154.226607 0.142817 0.258178 43.902812 63.250134 2.033347 0.082966 3.697978 3.761659 2.308113 20.500001 0.343642 1.926579 0.050798 15.830172 0.160280 5.984738 26.671069 22.470216 41.544727 8.287940 3.618816 1.910766 9.697775 1.624253 
160.928008 73.498466 0.290247 0.053797 14.029549 76.405039 185.821201 13.425382 0.078644 2.932907 0.168710 3.510850 21.900772 5.472255 9.022450 0.025877 4.021136 0.172896 3.183041 0.415218 20.892587 22.587882 14.670588 2.609627 22.466850 
106.894302 0.087598 64.178544 10.682183 63.102560 13.978683 60.429436 8.444343 0.081291 2.544744 3.907472 3.185882 11.840102 0.805759 3.159828 0.032959 13.251220 0.109316 19.585592 8.068145 0.049434 0.120535 5.348179 0.284536 16.415041 9.351913 
8.047874 10.745444 152.508426 1.884941 1.763553 68.530778 9.829319 9.657287 0.048232 0.291193 12.321021 5.353124 0.021270 40.435155 44.183128 0.021507 3.042289 0.044380 22.394265 50.649701 1.267405 0.127245 0.425854 4.135713 0.602098 0.423926 6.111824 
7.799986 6.658715 34.684483 1.051781 2.168919 47.509918 112.497089 11.846902 0.087288 0.048664 1.933905 0.652186 1.686807 20.802604 92.123629 0.056960 0.101094 0.529923 20.350702 6.462878 11.642664 14.536641 0.623583 0.260232 0.345251 7.458469 2.316528 1.210115 0.174485 1.151774 2.141746 37.389359 
12.138182 1.144987 67.187005 41.330319 0.344784 77.284796 1.550515 12.100839 0.068719 0.073802 9.754970 1.694858 1.994931 27.698945 199.679485 6.712917 0.286566 2.427142 0.514202 11.282393 47.492457 2.522361 5.838105 29.566814 1.136016 8.251498 1.147279 126.896567 10.703450 22.658535 41.266015 2.499102 1.225542 1.410514 
12.037898 2.138557 12.094089 125.855915 1.882952 35.133063 7.937094 86.794193 0.058982 2.504428 0.484659 1.001569 11.325945 0.461574 0.464028 149.591547 0.083983 5.993507 0.928743 25.131470 22.964738 2.478173 0.030497 0.262223 14.022930 0.070583 0.078240 0.027971 12.406568 1.421897 0.190284 0.029810 2.741576 0.302278 
26.420300 0.033327 2.158534 41.637145 0.092230 20.656821 100.132764 1.091970 0.079841 7.204751 147.056080 10.267735 14.948322 0.098192 0.237736 0.415789 65.154437 8.374114 1.021168 128.723099 0.049822 91.680542 4.737728 0.248925 20.861340 0.050952 0.745521 6.501446 90.976525 11.797085 2.240649 0.131734 39.154552 7.144586 0.536899 8.024764 3.361910 
24.758624 0.020491 0.153154 47.165958 0.136246 0.304608 0.667435 7.868699 0.074371 0.030093 135.210034 16.247089 0.076618 2.890064 5.785652 0.654340 45.198241 1.407563 4.719425 13.262570 21.060716 25.694797 7.800881 0.322551 8.782431 24.549514 12.116736 0.065422 51.888007 1.023545 3.546845 1.091085 15.344142 0.977459 
22.493547 0.016070 0.649456 6.468305 0.187639 0.598959 17.286330 12.961875 0.110471 0.170339 0.139005 10.287659 0.042103 12.881723 31.050352 0.030634 0.540287 6.948701 6.846152 26.975090 6.659711 91.108491 0.151315 39.724629 0.540284 0.141219 109.959129 0.322626 0.081305 4.194585 59.264862 1.415551 0.083557 
15.758826 15.021632 5.950624 137.747619 0.072403 60.994764 21.473314 2.399789 0.185894 0.023157 1.100902 5.965705 6.107536 1.452203 0.086413 38.387362 6.836456 63.320105 4.007523 164.158364 0.228758 0.052228 0.294702 36.133050 5.597811 2.388193 0.057276 1.085050 4.655083 0.212267 2.873596 17.831448 13.035895 
69.345468 26.135017 11.492640 6.318524 0.647981 0.288227 17.077161 0.608709 0.157745 0.215054 0.022126 9.095562 0.090397 0.030327 0.288804 40.517569 15.544975 5.943788 0.174086 20.539274 2.180793 0.046922 2.855400 0.035198 0.984166 3.604036 126.252331 
0.290371 15.617326 62.434770 3.101432 0.262125 0.947323 18.667348 193.092503 0.164256 1.230642 0.187353 4.349403 8.790520 0.334119 1.898744 38.399033 3.937237 11.089414 1.721650 8.852907 7.346068 7.197271 0.063318 2.893706 0.044114 0.100994 0.330516 0.128588 0.590155 0.356522 0.369296 7.124740 
0.821035 94.815201 16.120627 0.102330 4.777830 3.339077 19.810843 7.369337 0.089057 1.758144 1.637399 7.698438 10.285082 0.326492 1.708550 61.523866 9.902347 7.948495 4.399581 5.190778 7.629979 8.063179 5.931722 0.132646 0.046088 0.024095 6.552347 15.296920 0.966729 3.444776 12.142992 0.092724 0.030816 9.564839 0.221566 
1.543596 31.785439 14.099775 0.613382 5.750943 22.404270 50.307886 16.530157 0.092047 0.361125 36.219232 7.765350 16.403707 0.176450 0.024824 72.290271 16.300425 6.694500 0.093949 6.416952 13.344165 0.111171 2.032504 0.061534 0.016918 0.253952 2.333241 143.734913 0.392725 15.432595 50.321374 
0.170016 16.681173 133.206500 0.048402 0.054429 6.902129 17.576638 2.510819 0.050079 49.905419 27.035119 0.059155 51.256219 0.984446 0.254561 49.412180 5.990081 22.637246 0.316432 0.116400 11.858108 0.181033 17.989004 26.199875 1.103606 0.190539 4.970118 5.617984 2.127268 0.311902 1.950628 0.635860 
0.100558 13.957632 93.610441 2.127172 0.064930 0.157526 20.009992 0.835733 0.088041 0.535909 67.378553 0.432007 10.079953 1.299577 2.001393 31.314777 77.258140 0.759421 0.059692 0.077790 74.947754 0.031052 0.393195 6.785069 107.951485 12.772918 0.649309 24.670710 4.065983 4.939525 0.493256 0.192784 191.144500 25.147641 28.398444 0.063064 4.532729 10.665247 8.425022 3.895279 8.542065 0.119057 7.443450 
0.568431 189.597424 90.040939 0.191763 0.023407 0.396828 0.115545 33.233626 4.929464 8.676216 5.211603 15.525365 84.936362 1.621401 12.449985 15.137425 5.908042 0.092313 8.652820 0.397313 1.293438 0.047497 0.034063 0.849423 31.255669 28.344799 1.035894 0.519898 1.367548 0.546415 15.047591 43.348580 8.638505 
50.094852 3.514243 17.781876 0.324153 3.548338 0.083663 14.667931 52.438230 0.881035 9.207495 0.565665 20.950889 37.654408 0.213553 27.073834 3.240396 18.168497 1.722312 0.452474 0.197469 0.033959 0.051960 11.885547 4.203632 0.816429 16.123323 10.980709 0.097496 0.023882 9.028167 18.899438 43.773875 0.074931 0.281911 7.113024 5.337764 0.758636 6.570159 
9.926368 1.382003 41.515457 0.258269 1.204876 9.999321 0.934227 0.101873 10.551621 15.640332 0.038376 9.594060 13.448187 3.332015 8.593047 2.290946 0.021657 0.602595 0.447152 0.100856 0.030842 69.718153 106.205837 11.585761 0.198856 0.329306 9.863374 0.102432 1.228449 16.108840 
11.217262 0.297688 0.087576 1.191733 5.023211 105.491664 46.226669 0.445275 20.462690 0.126502 0.682654 15.421293 99.882387 72.335260 0.247205 10.862867 0.024917 30.690417 3.319193 0.454317 0.227586 1.957215 2.090048 19.269995 0.027393 0.510010 0.208128 0.216747 0.369108 0.060590 137.420069 1.974203 14.815160 0.327533 2.488183 0.042511 145.623351 56.845793 0.192518 0.030773 5.468866 2.043392 3.439611 7.258410 0.252004 
17.374756 98.982693 1.676734 0.049881 0.153960 19.521435 0.204359 0.895213 0.141251 0.031883 3.162847 9.485233 16.664921 102.687250 16.337699 18.901560 6.960632 0.132611 1.115234 0.028819 0.024489 0.179033 13.954050 220.403027 14.395797 48.358701 5.205400 0.791197 
31.424134 9.690636 8.074787 0.051062 241.233060 4.450765 85.937511 0.383120 3.881701 0.170823 8.361855 8.843460 5.363893 117.034121 7.601787 0.409801 63.796234 1.133966 0.415506 0.325061 0.368360 0.050434 83.852802 7.751972 6.839401 13.094949 165.533319 2.578205 48.339054 12.136574 5.437946 39.139181 
38.441418 8.706606 4.417732 0.118725 14.526025 13.013862 4.070420 0.040484 0.237398 0.117776 19.015867 13.211687 17.498452 100.146649 5.646534 11.190436 0.118155 83.021704 2.244580 0.097325 0.186190 0.028961 22.111778 0.831152 68.142189 111.039283 0.592854 1.437231 0.340385 133.352847 9.635585 3.662632 1.917585 0.330256 0.800144 5.958212 
185.562470 0.114550 4.235594 0.857719 38.020789 0.032876 7.450860 156.451004 5.319135 0.028500 2.040856 121.598832 122.373083 7.922538 5.761906 0.719119 22.108588 0.664764 43.921209 0.201163 0.841631 0.066744 5.978720 0.929271 0.458363 13.314462 1.771368 0.503402 0.031469 123.631876 0.075588 1.285354 14.895952 1.371340 
9.634878 0.026849 47.471740 0.279867 37.041353 6.805397 0.895030 14.992208 0.667454 0.090271 36.350344 24.464592 25.509301 36.787132 0.921917 7.989437 1.117413 5.652802 2.202079 30.550124 0.367497 0.038953 10.066319 5.506353 0.621657 0.068143 185.196736 12.717194 0.313381 1.237618 13.156562 3.355743 0.880346 10.903312 28.132748 0.371514 8.767024 22.379076 0.319456 1.230814 0.432131 5.682402 9.897463 
0.675536 0.233678 35.821675 64.516865 89.785937 3.985243 45.623613 11.267435 6.000256 0.075667 0.468715 62.452293 123.788309 54.752950 0.380515 2.927310 0.159020 34.909760 3.273984 7.271232 0.309898 0.772224 0.030102 1.846651 0.158503 0.080025 0.087062 34.123418 8.609594 6.619507 27.708411 9.459573 0.376898 
192.650916 0.611331 22.563564 1.356802 49.745894 21.252585 51.397379 18.177975 0.104401 0.144244 21.964912 42.570374 93.040399 1.585354 0.485487 1.297483 0.145012 20.918725 6.106016 0.187188 0.049540 0.025331 0.548938 20.773285 2.206952 0.064752 0.048633 6.322232 23.765417 105.536883 6.826546 2.080604 0.079865 1.009721 0.378429 7.625015 0.620092 40.589232 0.698139 20.064686 0.131026 15.297545 2.675800 13.997424 4.193794 26.289285 33.404792 3.750309 
2.688717 0.255065 13.496874 0.758045 2.449987 0.029546 12.722370 14.031848 0.103160 0.071101 0.081374 103.854602 17.704547 26.691527 0.033581 0.108716 0.339401 58.227744 25.475749 25.018651 0.518655 0.437518 12.923981 7.900741 11.546935 0.140616 5.192757 5.684558 12.107575 0.855909 0.584254 4.677010 127.988279 3.391747 37.536855 0.569590 9.980797 10.347473 1.268730 
1.933216 1.486973 25.362216 2.589909 9.634946 15.843023 104.576930 14.316703 0.098216 0.050727 0.459392 0.161675 56.104679 24.601787 0.049776 0.182714 267.179728 17.260291 0.931027 22.491165 0.303479 24.174886 0.213799 0.457341 84.289051 1.898775 15.540774 7.411946 0.836882 0.310131 1.504703 6.554787 17.303401 0.645389 6.552469 0.266999 
0.142555 0.953595 49.365219 14.157018 17.550479 0.502839 3.109502 27.180253 0.045368 0.243611 20.490350 3.122026 34.118410 0.792814 1.828076 1.000883 11.352676 0.383708 147.723239 0.023949 14.520499 15.445285 7.458520 2.230992 0.039782 8.996534 3.765527 0.082510 11.134687 0.819264 0.088280 
0.109246 3.036562 22.473913 7.531126 58.914132 0.755688 0.431476 6.866282 0.035735 0.208777 24.917986 8.791357 111.562413 10.322412 0.895498 3.535193 16.228135 0.182558 0.082527 0.347925 9.192870 12.549050 0.131254 62.394257 5.368412 0.847518 0.030497 40.725868 6.367137 1.877974 0.046232 1.861175 0.675674 1.329864 0.758458 24.282882 17.906883 2.077600 21.737560 22.782072 6.198558 0.867458 1.941580 8.631457 
0.219977 25.269374 0.543190 5.485463 5.646547 61.692758 0.371098 0.487997 0.029361 0.309816 0.322058 15.325815 50.770624 12.887011 3.476842 10.005275 26.445353 1.305193 11.383703 78.489974 72.605236 0.497421 0.073007 5.616867 0.742318 0.032663 144.639723 6.075202 5.741702 26.852352 0.407911 25.146137 0.082905 11.108103 0.258580 9.870563 0.535827 0.075896 2.690045 15.248411 3.230897 
0.064731 20.833794 0.810968 3.259840 37.341645 3.083178 3.935455 5.849466 0.064025 26.184406 0.199161 10.761150 40.332164 1.067818 10.775295 138.220113 15.408354 1.614250 8.742527 45.568984 0.613786 0.504172 0.913480 6.498733 0.037331 0.033265 23.653238 36.554293 0.096543 18.154655 
1.337051 0.226350 0.413928 0.577774 0.079801 0.063744 0.032532 2.579026 56.789192 43.557056 0.240364 25.406195 80.647392 11.550204 38.325144 1.212464 29.047847 2.325844 31.441176 13.247974 6.731617 59.682528 1.876147 0.025998 6.794975 26.804037 2.499547 1.809396 28.957923 11.772168 0.906326 2.621956 5.060861 
0.123222 5.105783 1.489420 1.572567 0.024761 0.053618 0.331158 42.666137 16.582477 43.086861 0.657674 0.275235 94.902028 6.325706 102.878516 15.052619 26.010516 0.046752 1.156725 15.908612 11.155937 3.232248 1.346984 0.427463 91.439721 3.684837 42.274518 0.078693 5.989817 37.612491 5.457983 0.458187 3.650009 1.444197 
0.105929 16.375620 0.159639 0.055785 4.033309 0.038762 0.025556 95.928698 192.003191 104.182094 0.313916 87.657154 43.258255 6.336849 0.179079 22.700705 11.661282 4.762772 0.169351 24.979408 23.630816 0.687925 0.187207 9.043942 3.390333 12.954981 36.139122 9.290747 
0.133248 35.507677 1.198693 0.267751 88.092958 0.090632 0.059751 0.738633 18.210576 97.000157 1.140926 20.592344 155.922363 3.841663 0.024503 29.939446 0.264761 0.072289 0.074135 1.051977 0.258073 0.733677 4.302060 194.291370 173.341615 4.210650 8.998503 41.071417 8.789431 14.351963 11.426187 18.756847 0.208927 157.319905 
5.727480 10.039312 0.079624 1.282205 23.664990 0.136256 21.741719 71.745459 31.223408 174.572835 11.493054 0.103839 211.397757 0.594233 3.254813 43.481754 10.822030 0.033169 1.901347 15.425756 12.045070 30.894221 0.681593 0.809779 136.559744 25.620086 0.494154 2.735093 0.121185 3.573688 0.236433 0.458975 0.364543 1.034729 0.060284 
0.825891 1.187117 0.861419 0.373976 4.343892 0.442456 8.925171 9.531241 4.956426 65.276117 0.062987 0.054504 99.688371 41.915126 21.522299 8.831479 58.625983 6.030948 8.581619 0.383438 73.247937 0.037017 1.352886 4.065993 28.171142 57.001373 1.956491 17.936056 0.079590 0.166153 7.688427 0.535050 4.161661 0.121754 7.219345 33.526796 0.104879 0.201821 2.492006 0.290792 0.947554 0.469742 0.226619 19.054398 
1.435310 59.606509 0.047801 0.125131 2.312258 0.021516 4.646616 4.463822 6.392643 9.244609 99.682317 0.032430 34.725495 12.539800 111.984693 73.587646 9.663339 0.437725 52.704894 0.212925 1.374951 4.101975 0.021264 37.786172 9.262905 14.217887 1.471512 10.720768 0.258500 0.158061 11.159352 2.381326 5.041119 0.873038 0.635636 4.436627 0.155074 1.918619 1.026839 65.921190 
0.032068 0.117685 23.069931 0.362495 11.104861 0.171783 7.750855 0.267705 6.443998 45.188403 101.180951 0.037176 68.762542 20.929739 38.218486 6.299309 0.085625 2.357973 7.015141 3.414098 0.487943 0.018587 0.074739 0.203715 19.775524 0.023188 8.947830 0.892040 14.857418 0.293378 17.611635 2.444180 2.244792 0.237438 4.111487 20.916198 0.135047 6.262503 2.334913 0.875191 0.267582 29.441480 8.759051 0.415205 14.285609 
1.042682 0.443087 3.368783 0.507585 65.243323 1.096278 34.431357 2.038938 5.590244 16.916990 55.143784 0.062496 53.101700 10.899927 25.660471 13.112970 4.950928 7.194064 12.412970 7.225298 49.119104 0.108936 0.142200 1.920811 24.482211 0.044803 14.630732 0.428149 4.861756 0.160516 3.083107 8.983623 3.798736 26.481853 0.086723 0.057766 0.397581 0.157186 
0.442173 0.969832 3.684112 1.354434 3.646938 55.793565 36.822427 0.059708 3.957152 9.766633 97.090005 0.050774 46.581840 0.295075 10.030771 66.369259 0.265364 0.061538 6.678624 0.102180 1.002343 0.043746 52.968725 1.917564 51.420299 33.433696 0.318890 0.098916 18.605985 12.104434 3.151078 27.003579 3.473617 0.567671 58.724538 1.771114 29.120421 0.164068 3.731812 0.284811 0.392958 0.206163 
0.288750 2.433044 0.705795 0.023408 0.403603 9.560646 9.330863 0.059537 110.442844 16.378106 2.070448 0.056479 54.547507 18.867174 2.141322 4.163760 1.367846 0.363874 0.734141 0.106251 113.965123 23.125144 2.706242 16.140657 33.807610 7.187926 0.025396 43.901988 4.416131 0.130489 0.944804 12.243667 7.471286 3.316814 0.603729 0.304033 18.102724 3.481024 0.727325 
3.419429 9.852567 3.466249 11.377692 5.027598 7.528533 3.525466 0.293734 0.153216 6.834658 1.084748 0.041769 69.721014 0.561709 0.017184 20.212781 11.162069 9.465555 0.050616 0.154443 18.552563 0.616205 38.279282 2.180868 57.317315 7.725124 11.542855 10.281949 79.114382 0.324488 1.163804 0.317411 0.044442 0.234470 6.726901 0.233908 18.135616 0.151016 6.090119 0.463687 39.824959 4.447731 9.124582 1.449386 
15.404576 73.849068 0.186540 7.914004 1.511294 73.339570 17.941353 0.039425 0.033357 4.584696 3.256518 114.860772 0.924829 0.320633 1.460202 22.609541 4.574619 0.160443 14.148498 1.467343 100.856990 1.981840 10.609539 17.746637 0.035638 3.076864 74.278827 0.112475 83.275185 0.346519 19.448207 0.567757 39.968843 0.035159 14.720904 1.017468 0.225455 11.308907 48.713650 0.463883 59.143211 68.009102 34.706660 3.854346 1.948985 0.215099 
0.046538 1.337042 0.247887 61.909766 82.186829 23.431943 3.992973 0.053974 7.294828 0.762169 0.371219 22.878377 2.199692 0.056242 27.458908 1.156692 4.301369 0.081843 18.323012 1.845593 1.111656 0.195344 4.559578 0.922016 0.056075 19.178277 1.813851 1.219483 83.838483 24.879616 21.253142 2.382698 11.555452 108.646870 13.513830 0.355598 10.117444 4.410097 165.781975 7.786903 18.419991 0.340110 0.045238 0.365670 0.124566 9.106326 1.887640 15.505826 3.002856 0.901129 32.918688 104.855255 
0.213049 0.086854 0.114891 125.729368 71.122882 1.438894 11.573146 0.160313 9.327883 140.957009 2.823382 98.276771 1.337524 1.524457 14.242972 21.807690 1.347659 46.064517 5.056423 0.182046 0.038896 17.404880 0.036490 44.170813 4.226570 0.047177 0.311373 15.574178 1.034160 0.178865 14.475487 24.361454 5.379502 6.575087 3.091356 
0.088593 0.979113 0.078062 17.374412 77.278948 1.019811 20.045768 0.533640 11.474479 6.609598 28.939808 144.725626 53.786095 0.018961 1.668851 5.855481 12.227541 0.023182 0.019267 17.046642 5.835556 0.331323 2.617835 82.330163 1.246917 0.103121 0.138251 7.148714 0.616302 
17.698774 15.150563 0.059682 2.623748 80.544037 0.229317 2.568938 0.732726 18.168525 2.767183 32.279336 34.070684 33.187272 10.834933 0.057835 16.676302 35.954587 0.089045 0.269501 0.476366 1.134125 0.252818 2.446272 14.991089 19.733122 55.209578 0.378324 49.775915 118.482596 8.819078 0.036718 0.125311 1.735927 11.356997 3.561241 1.584149 1.274031 2.235069 13.984235 0.539212 0.262557 1.665658 16.841532 94.419562 
11.294535 0.156299 0.067688 4.258999 111.895808 0.214314 0.091167 0.132376 94.927127 139.976188 0.217265 39.172340 117.338206 0.068037 1.466947 8.374037 0.621393 1.973178 0.542755 60.287938 8.162063 19.262998 28.957963 9.094857 0.263597 0.124943 0.399088 3.807758 213.251410 4.080599 0.206713 5.033348 109.569337 0.866589 0.372600 2.836740 1.893251 0.468957 53.563204 0.044998 13.629940 10.707601 1.793342 112.935946 11.880198 37.674445 37.051044 7.884357 
253.567914 0.125023 0.062311 5.700088 320.797656 0.823940 0.093401 325.101409 49.306873 47.095680 9.291567 0.069007 45.496620 15.803442 1.578680 5.527337 0.088112 2.929960 0.040904 216.697053 3.357057 0.241565 34.806663 7.308724 0.855904 0.332549 1.246707 5.209599 11.838399 2.388809 35.445666 1.745513 80.831320 4.090426 67.094029 9.564212 4.211430 
4.406028 0.098654 0.106125 0.848054 78.668121 0.154057 0.172762 2.612059 3.660277 40.966331 0.126231 72.264441 323.163574 53.005397 3.333612 0.051243 0.052798 0.057276 5.827143 54.067184 0.374216 7.317907 16.865966 0.737077 0.068098 1.086267 0.533282 0.397144 30.171233 39.551631 23.589232 63.644587 0.928805 0.122985 54.284566 0.471928 6.102802 0.092220 55.645642 0.331644 25.870784 0.289170 1.296419 7.233372 5.356288 
0.412329 0.186048 0.061995 55.244758 47.955236 2.933292 172.899710 0.144932 3.699455 36.214418 0.616970 7.231917 20.504411 0.259804 16.197605 0.263152 0.175496 1.141402 22.565770 69.946178 25.686412 0.035843 16.944917 176.502760 7.509474 0.239468 0.171243 0.304213 10.184433 342.038192 6.117874 17.199753 17.280034 0.125255 13.446827 46.632563 6.349643 1.161959 0.398960 6.893695 0.048697 17.947766 179.068091 0.231927 1.308996 11.113053 0.893946 3.648882 
1.313588 4.882664 0.052152 8.292422 42.279984 148.617949 0.485616 0.181482 2.733763 36.663996 0.080230 6.089807 17.042662 0.032718 17.503399 7.533000 0.287207 28.219574 1.335132 0.082087 57.916278 0.810585 0.043385 17.039248 
0.893582 0.176642 0.049027 0.038261 97.246653 1.747114 4.841605 0.178240 43.549484 0.300063 0.035501 30.266551 20.676173 1.664565 1.577218 9.316404 0.158637 32.231620 0.763673 16.063999 12.358697 28.162225 28.481834 2.494796 0.212691 0.315484 66.041471 33.228314 
305.996706 0.066536 0.056102 0.275871 55.544636 1.162330 0.236789 0.117953 0.049289 181.365292 1.453042 28.050943 10.984131 1.933481 11.499220 9.842051 6.784426 11.320869 0.430936 9.954045 7.136965 306.203830 21.510790 3.287846 8.312910 3.280659 311.678324 4.673112 0.816095 3.766327 196.322826 62.676570 0.676659 
18.741285 0.626562 0.044449 0.146162 220.349988 33.252149 2.245606 0.114215 0.124056 39.328513 65.459213 36.192323 9.265591 0.528297 7.804162 0.101812 115.621718 0.660508 154.213927 0.738093 5.038861 49.464094 1.853752 0.095670 2.142425 2.642103 6.398170 17.091522 4.688041 23.493995 18.487673 9.142296 7.412119 110.046426 0.648277 8.304339 0.944401 8.995357 
11.404218 3.494201 0.043102 92.894268 1.723639 134.569055 0.469370 0.191589 0.056883 0.128783 9.450120 0.914055 11.298346 2.664179 33.055351 35.726102 0.227335 1.298264 10.399007 0.678580 0.340790 0.240343 180.913895 0.285257 0.056611 129.986432 1.143201 1.812442 27.622646 36.871702 0.731511 5.261967 3.148151 56.595044 183.685188 73.430202 0.711142 8.613996 1.251295 31.905817 0.952865 0.485875 13.412589 10.386105 
0.282262 3.299970 0.029022 10.402838 10.144341 16.557376 20.163086 0.175485 0.349484 0.611169 83.711028 8.184760 1.855163 216.887274 4.040475 0.994558 3.192871 0.209056 5.022582 0.390019 1.097666 23.362308 55.725494 32.267462 0.801604 79.262423 1.720187 0.883072 11.584144 0.123395 216.187938 0.480754 57.314976 1.884631 0.298347 
0.448886 13.486971 0.053039 8.376291 1.041697 73.855890 0.883867 0.146807 3.001927 9.417689 120.546483 3.241567 10.593565 13.677973 0.115995 14.240087 19.392073 15.301789 36.155926 0.138546 53.976512 0.514502 269.747404 0.619091 5.088600 53.407312 3.359175 2.693756 0.671238 0.917827 30.539170 
0.366143 6.568864 0.053832 15.747388 0.283502 155.420698 104.027164 0.168823 0.138735 11.218935 46.959427 0.356825 6.830273 0.438185 0.437498 19.545531 50.406898 109.087888 3.185446 0.239119 8.076884 42.838333 12.709561 
0.083504 8.001926 0.032902 1.604755 0.828439 20.038811 0.062304 0.076210 5.830645 16.948594 31.337379 0.215102 0.904087 109.580483 0.346183 0.033840 255.575681 6.349154 2.975395 0.147841 58.845547 2.598405 10.337078 17.532028 28.967765 5.568964 0.536601 1.197009 1.275272 
0.377812 5.743539 0.059536 28.596524 56.120640 4.207682 17.668811 0.052909 1.776549 9.062779 35.376402 3.028690 0.416881 2.820228 117.393041 0.443890 19.247857 6.757045 100.285609 0.266659 2.295771 0.861143 0.219684 0.356241 22.486763 0.299443 0.263959 14.933143 0.593694 148.489535 131.041180 0.988883 0.189587 1.696303 1.023712 14.990673 0.054829 
0.881303 65.466665 0.176577 2.536718 0.109556 4.467121 5.151646 39.348867 12.436705 20.738503 87.325328 26.511161 0.355874 20.925843 0.029574 0.097361 1.510979 0.067140 0.311715 4.593889 13.446620 0.711919 1.971659 0.236150 2.870865 
0.042699 0.412835 0.109901 0.850790 0.098079 6.269988 10.273775 3.733771 15.667558 175.887478 103.833572 151.798204 57.187861 0.556910 253.593378 0.031819 0.091864 0.104782 35.695842 8.253868 26.823176 7.342309 0.924460 3.988546 3.549556 45.199496 102.951041 0.027441 0.097555 0.071668 0.036893 3.720708 
0.667909 7.979106 0.049740 1.679885 3.108188 31.461528 0.336956 5.956921 20.213911 12.678926 123.310332 227.638012 4.159976 3.717167 0.363371 0.080842 0.430070 1.303368 0.039160 22.846230 34.585557 2.064779 0.779731 19.861450 59.922130 19.638647 5.127769 0.076715 108.606853 
91.786832 0.144996 0.039754 0.342077 6.611418 0.456000 5.753629 1.194476 0.655455 1.703406 42.933056 30.001885 5.059147 0.023894 8.391039 0.058725 9.409374 29.849184 0.330077 5.107352 0.593736 3.654571 15.030391 26.314996 2.384154 0.297484 16.389172 40.899812 28.426089 2.104157 0.104043 
0.072719 36.125900 0.566595 0.057668 7.073846 0.110937 0.040122 0.016622 7.432896 4.687906 19.644586 25.463686 127.869115 0.220104 10.563799 0.014616 17.859718 45.620472 2.798208 7.285851 14.237897 3.180437 0.426559 1.077046 14.185256 12.433046 
5.489528 0.318190 0.186336 0.097493 10.893162 0.029542 1.950614 0.414916 1.193738 0.645374 19.567516 6.724909 36.441172 0.377823 0.270846 0.015953 9.916734 0.581381 93.395173 40.654303 11.358742 4.948925 0.156553 3.727176 36.457685 19.422458 3.347595 
0.608102 4.541125 0.110027 0.060017 1.395106 4.661745 16.282028 112.388571 0.017210 6.961917 25.474137 0.484139 15.694700 19.184570 9.415342 0.031202 2.499705 0.488697 4.002060 4.880501 14.379931 0.080278 1.457825 5.640965 14.518536 0.211402 
1.412855 14.512924 0.279499 1.876842 0.266018 4.925639 0.030160 15.493002 0.123822 20.573128 24.806625 38.603855 34.754471 0.413455 16.365483 0.051411 0.202854 0.251119 2.698851 16.833683 3.242851 128.731689 54.695921 6.340657 160.157872 
12.150232 9.855097 0.157451 1.060638 12.505536 5.577213 26.263550 0.913136 72.759852 174.790880 2.855436 10.361380 2.592658 0.251247 0.092472 0.020138 0.088764 30.606322 0.804592 19.980167 172.169253 1.272540 0.585247 13.975058 0.114642 7.041815 6.768153 3.051968 2.886823 4.821439 32.322194 8.076866 1.002994 
36.823218 1.393305 29.142408 0.869843 2.752875 10.342800 0.272719 0.476369 7.215744 106.045999 11.865869 14.228739 0.074134 0.196382 5.104407 0.047965 61.903336 9.492040 0.182810 1.208269 3.292076 13.289853 0.122739 12.288469 1.776361 5.788778 0.083875 0.093126 2.312859 118.022768 0.605619 0.045337 98.644492 5.835483 1.955682 1.160481 23.056129 13.331341 0.422680 3.242332 7.887389 0.459105 0.120638 
0.081480 0.066403 36.752201 267.647589 284.012796 9.464167 14.403262 0.322257 9.727127 59.996866 10.133970 1.327337 259.728434 0.181700 56.623351 0.039485 5.108353 2.935476 0.335001 0.935554 1.085437 1.805586 3.378674 0.087521 40.216535 1.405565 0.332520 11.691486 6.541866 0.477117 
0.729517 0.131400 24.382955 0.780009 17.934583 63.748196 15.405948 19.441632 0.076694 0.162474 0.762984 0.351018 22.155694 0.096017 2.936099 0.236784 35.855095 3.582014 0.126350 2.107218 46.194511 11.584490 3.397342 3.657515 2.133608 56.968679 103.025058 5.595899 0.095673 0.483808 59.174461 5.250044 9.768942 9.491941 
168.405765 77.118146 27.104360 10.170083 0.148271 35.854166 1.446340 2.027887 0.183670 0.421321 13.788465 0.916013 58.220635 0.035004 9.270217 24.105925 0.052536 6.792435 0.080955 0.344505 114.779349 27.926007 14.886661 71.978135 4.054807 0.933436 0.394758 
25.994473 1.359872 30.652297 1.133332 0.029723 85.249661 0.314846 5.559329 2.517284 0.495341 20.353275 1.841963 10.839313 0.130036 7.618669 0.303691 6.534178 0.044948 0.052977 46.552861 81.282945 0.842864 0.524626 
0.945851 0.878298 23.634418 1.855155 0.093136 29.507623 27.714870 12.183637 0.099829 4.824997 109.727334 89.982429 0.337921 0.054863 0.585990 12.421450 13.715091 0.486290 0.146313 57.927983 0.179092 10.367023 11.102168 
0.032636 0.049114 39.079365 13.254639 3.852004 8.615478 73.927398 0.099750 207.048871 31.378492 1.389069 55.909666 0.225010 0.179582 4.252190 7.934983 7.732150 7.555478 0.039226 0.318695 14.993341 123.476221 
0.773376 0.021079 28.192154 15.858839 15.146405 3.343829 100.877325 0.017777 19.665651 9.637154 0.823033 39.853847 0.224073 0.047922 2.373619 51.347985 0.113771 0.386640 1.094735 0.064457 8.328228 
5.622794 0.046592 42.005341 9.488825 132.004761 71.359298 10.854758 0.024085 22.931041 13.444123 2.272782 0.701089 0.029787 0.206039 1.199941 9.408229 6.272590 0.022236 114.773162 0.329589 0.321660 19.782051 0.176412 21.674309 0.102855 2.767038 0.064609 8.432423 
4.129293 0.531591 30.354394 8.733041 4.405799 25.650397 0.243465 0.103956 9.520806 2.939913 22.355395 20.603368 0.024716 0.199848 0.099006 76.650423 0.793866 0.220197 12.622986 0.381712 30.563585 72.320955 28.818568 0.574376 13.335709 0.198547 56.866222 6.026556 0.299420 8.099224 
8.382734 18.869510 27.416697 10.533536 0.061678 25.252522 0.097035 4.373182 0.358396 0.019727 0.649807 31.665859 0.052937 0.178611 0.026316 20.878310 1.010342 1.639199 28.119720 0.034485 32.615008 0.976095 0.228895 4.571534 57.451826 1.511004 0.465885 9.134758 8.684948 25.166809 11.974668 1.007224 5.306804 4.631462 10.274555 
7.541241 1.491349 40.960562 27.758812 1.417013 7.530456 10.978380 1.495399 0.061537 0.155910 0.485978 60.163606 0.021340 0.222624 10.934801 1.120941 25.862166 0.999323 13.682821 0.716906 
0.129077 1.024543 35.350570 6.175069 24.308359 19.432889 25.837409 0.398989 2.018508 14.879314 24.330429 10.947089 0.038110 0.690221 0.143709 1.556984 21.391170 0.252403 5.877831 10.118654 9.144410 0.754984 21.327427 1.332486 0.561640 0.199471 84.633647 2.126124 1.010197 0.426938 74.438336 1.663404 4.531722 1.551720 11.072915 
40.848276 144.390810 44.433255 6.345613 11.614853 14.716571 8.791598 0.418787 1.401328 1.779275 0.536399 3.898908 0.025537 0.709252 1.297907 4.586778 14.287358 1.677792 0.052327 0.041830 103.321271 9.472603 1.007930 0.026758 3.909519 0.246384 7.689187 
0.657617 24.653806 73.609641 2.477629 0.386667 11.996268 39.982369 12.052311 19.459743 1.470644 5.341295 35.599484 0.013930 8.742640 0.336372 11.099329 15.663190 31.778764 0.270608 0.199681 55.398665 0.018235 0.929035 14.021501 0.201060 14.002841 0.851176 0.186038 2.668585 
0.048316 25.055456 3.409699 3.795815 13.423496 10.534512 44.168145 5.303963 0.073024 1.503225 0.232594 3.965921 0.017020 0.928610 0.041807 42.821127 12.303989 1.175452 27.876891 0.381064 45.539327 4.916939 0.088690 19.831012 0.023147 24.662009 7.979628 3.999752 4.158533 0.156539 9.889829 2.717088 0.386006 7.573161 0.287360 6.394843 
16.333355 40.298762 0.191323 31.021622 0.741892 14.262821 22.757765 1.250503 38.191453 2.239906 32.157321 3.984212 0.029928 3.919200 0.558704 0.358739 1.097922 24.604854 0.021503 0.801142 26.333761 7.048137 4.530619 2.776823 7.389723 5.326675 0.463518 9.993637 0.397288 
2.651904 57.041883 0.126935 35.853317 63.075783 0.015297 78.376792 40.475280 0.483977 0.180812 0.082345 1.139744 0.035896 9.662908 0.025932 49.516791 0.114691 19.624072 8.384999 33.969278 0.199170 25.770951 5.282149 0.197466 2.778991 25.136894 
33.268437 61.228747 0.213970 34.733375 68.346386 14.947784 0.057293 0.500335 13.465425 0.097063 0.168013 0.210328 0.051252 48.623378 3.418941 4.584020 0.088080 2.004311 12.889153 0.067060 17.478960 0.272193 19.002728 4.873716 3.625030 8.129428 
11.022458 58.706285 9.010931 38.152494 4.517598 0.066444 0.163151 0.432763 69.573818 0.020148 0.214301 36.960781 0.024653 29.181618 0.542901 45.997234 0.946404 0.194177 11.161935 0.211541 6.987744 0.803838 3.210834 9.984905 0.102141 66.153598 24.028796 3.917979 4.042615 50.421426 0.110442 2.105160 0.657733 2.420203 0.989422 78.810282 11.197102 3.825569 0.071179 2.264555 0.676520 1.253429 1.873779 1.653986 
