 0.093379  0.763129
 0.108016  2.013155
 0.109002  1.576710
 0.324025  1.227503
 0.092535  0.790804
 0.164238  1.026232
 0.268207  0.851425
 0.276545  1.923138
 0.525462  1.408076
 0.396491  1.643253
 0.457301  1.250140
 0.304997  1.339453
 0.277260  1.200120
 0.312503  0.840397
 0.414819  1.356787
 0.417139  0.785445
 0.388802  1.257529
 0.383447  0.905525
 0.457065  0.908041
 0.367025  1.167448
 0.391425  1.536858
 0.468438  0.849206
 0.412695  1.146579
 0.332263  1.922538
 0.493765  1.606018
 0.464009  1.102908
 0.470990  0.851814
 0.429725  1.719020
 0.509255  0.886911
 0.489731  0.709958
 0.481110  2.845955
 0.520806  1.349316
 0.408423  0.938674
 0.469168  0.762245
 0.216392  1.331341
 0.154692  1.156932
 0.132168  1.381468
 0.100047  1.598018
 0.146118  1.209726
 0.246873  1.729772
 0.441646  1.131026
 0.230582  1.293162
 0.324814  1.395008
 0.056692  1.550198
 0.152941  1.195737
 0.090530  1.280602
 0.103829  2.002672
 0.252868  1.024974
 0.166724  0.917528
 0.447489  1.435152
 0.406415  1.066005
 0.346719  0.753024
 0.399465  1.683296
 0.452897  1.073360
 0.563570  0.633895
 0.567338  0.916970
 0.494125  1.099027
 0.633283  0.956098
 0.547605  0.929681
 0.543925  1.019903
 0.368687  1.593189
 0.368534  1.052895
 0.386026  1.490470
 0.509558  1.280490
 0.481477  1.486354
 0.268595  0.680571
 0.417593  1.080873
 0.472248  0.966322
 0.458894  1.181073
 0.479439  1.026329
 0.568432  0.909334
 0.584602  1.076528
 0.757947  1.076192
 0.673273  1.003123
 0.446854  0.814013
 0.625918  1.122481
 0.509325  0.889088
 0.412878  0.599032
 0.467424  1.049355
 0.452159  0.866878
 0.538117  0.891326
 0.630847  1.336991
 0.695792  1.500779
 0.540988  0.783604
 0.570454  0.983174
 0.422578  1.301546
 0.469749  2.942247
 0.275769  0.790612
 0.176954  1.126406
 0.442426  0.620153
 0.535437  1.736048
 0.473044  1.118373
 0.423507  1.598818
 0.554253  1.062710
 0.670263  1.078289
 0.424436  1.360731
 0.434955  0.729881
 0.473527  1.067579
 0.314683  0.779155
 0.371370  1.242111
 0.540994  1.484055
 0.585989  1.087475
 0.695453  0.910526
 0.545202  1.138158
 0.383044  1.304945
 0.273860  1.123920
 0.350914  1.287263
 0.315630  1.525677
 0.262034  1.738206
-0.026054  1.044880
 0.183341  1.440793
 0.320081  1.121600
 0.218479  1.281205
 0.477771  1.279824
 0.494607  1.408353
 0.547626  0.841725
 0.658290  0.914412
 0.652236  1.303531
 0.577366  0.774036
 0.551836  0.999702
 0.524991  0.964732
 0.663453  0.916501
 0.456086  0.787954
 0.602195  0.815467
 0.678839  1.465756
 0.613193  0.815752
 0.521957  1.003632
 0.190362  1.908220
 0.282390  1.594475
 0.370556  0.887416
 0.394608  1.250604
 0.333347  0.666988
 0.323446  1.621518
 0.368816  0.750430
 0.621318  1.646521
 0.659974  1.007071
 0.693445  1.028464
 0.479836  1.714935
 0.627199  1.182507
 0.542282  0.843760
 0.577806  1.368661
 0.625835  0.955866
 0.600353  0.865666
 0.611465  1.697481
 0.684321  1.306415
 0.768806  1.090458
 0.725774  1.620688
 0.618946  0.525200
 0.664800  0.598710
 0.655047  0.798980
 0.725039  0.783829
 0.579016  2.064289
 0.692717  1.495024
 0.522915  0.633736
 0.700816  1.058843
 0.654064  1.246310
 0.805611  2.023642
 0.699584  2.432481
 0.617501  1.071624
 0.654833  0.971494
 0.602281  1.587722
 0.459169  1.048326
 0.531082  0.487717
 0.507231  0.791629
 0.321508  1.294122
 0.371687  0.873608
 0.404625  1.101073
 0.374657  1.097359
 0.474794  1.138187
 0.339941  1.013781
 0.207739  0.984692
 0.286432  1.321245
 0.264484  0.726001
 0.364334  1.603263
 0.268463  1.104813
 0.311237  1.736432
 0.296284  0.954170
 0.468576  1.320836
 0.665270  1.108722
 0.789612  0.932751
 0.701325  1.325526
 0.598838  0.780609
 0.623917  1.139255
 0.582151  0.784997
 0.340158  0.976390
 0.362865  1.255571
 0.408678  1.164953
 0.435758  1.218767
 0.265896  1.199454
 0.266935  1.638055
 0.174121  1.178362
-0.070436  1.448192
 0.065286  0.799169
 0.108609  1.707667
 0.105257  0.894367
 0.436917  1.298109
 0.398649  1.361393
 0.454663  1.511343
 0.341850  0.925250
 0.444914  0.798915
 0.396728  1.111273
 0.324432  1.441102
 0.381151  1.028937
 0.418549  0.934726
 0.468269  1.094098
 0.361166  0.609390
 0.343455  0.876886
 0.280192  1.631482
 0.483296  1.523645
 0.303756  2.065666
 0.448939  0.758782
 0.306906  0.985797
 0.299763  0.874576
 0.258279  1.677998
 0.285657  0.930246
 0.170668  1.230789
 0.316975  0.925319
 0.205093  1.273180
 0.382153  1.049294
 0.206213  1.004682
 0.200434  1.304596
 0.178635  1.020520
 0.285779  1.449667
 0.316020  1.824456
 0.185734  1.057954
 0.150118  0.911450
 0.273112  1.569247
 0.355855  1.213175
 0.501473  1.106112
 0.393716  1.277724
 0.396450  1.356743
 0.403834  1.052365
 0.466554  0.997890
 0.397692  1.077120
 0.413541  1.234908
 0.601356  0.982972
 0.283285  0.801103
 0.348962  0.968122
 0.358689  0.857761
 0.407064  1.415151
 0.294227  1.386783
 0.318362  0.985181
 0.332953  1.192729
 0.328688  1.308770
 0.373599  1.292954
 0.247392  0.766919
 0.173881  1.357862
 0.154605  1.056362
 0.293323  1.385805
 0.155610  1.031102
 0.159276  0.923818
-0.035712  1.035609
 0.080097  1.690124
 0.247539  0.869500
 0.204974  0.760165
 0.173574  1.323342
 0.297343  1.073331
 0.511292  0.773339
 0.545999  1.977035
 0.658801  1.875390
 0.547612  1.605992
 0.467560  1.045979
 0.497933  1.565425
 0.541350  1.637019
 0.644519  0.897482
 0.465803  1.527164
 0.431120  0.783072
 0.603836  0.663661
 0.468664  1.142791
 0.409827  1.191116
 0.346065  0.680825
 0.316043  1.495487
 0.436930  1.344953
 0.449055  1.255866
 0.349985  0.878492
 0.149584  1.392633
 0.060033  1.070909
 0.124934  0.910474
 0.377706  1.001475
 0.293297  2.119789
 0.378644  1.121576
 0.495946  1.263604
 0.624822  1.076113
 0.540029  0.807388
 0.452647  1.055603
 0.376500  1.028677
 0.373678  1.997514
 0.120857  2.589269
 0.328315  2.004315
 0.313311  0.838174
 0.250670  1.274512
 0.109480  0.925885
 0.194761  0.770830
 0.211333  0.740269
 0.068214  1.793096
 0.094937  0.788682
 0.134136  1.361598
 0.071586  1.651579
 0.109757  1.618540
 0.126162  1.070734
