   13.925360 16470.509500
   20.590026 16478.620923
   32.762584 16474.824972
   39.732336 16462.105456
   22.393777 16451.928005
   25.307933 16469.513521
   11.745136 16478.437188
   22.845572 16468.171723
   21.716087 16475.629797
   22.906391 16470.253146
   18.110046 16472.039314
   -1.253378 16469.909006
   26.721287 16472.638356
   22.728915 16476.855583
   17.818662 16466.291243
   28.679266 16471.764289
   18.969076 16465.374479
   34.173626 16478.119114
   20.788057 16482.719059
   23.381914 16477.388560
   18.532540 16473.161674
   29.060190 16463.633472
   34.575744 16477.141578
   43.999621 16462.709202
   35.427800 16479.085086
   13.794332 16472.905014
   19.681701 16475.792561
   34.743941 16468.455400
   13.559017 16454.475525
   25.927141 16465.153741
   31.792149 16465.510730
   29.564487 16468.222830
   25.882383 16470.076784
   21.431518 16460.064985
   26.530412 16464.098795
   26.486335 16465.897362
   25.493897 16461.369465
   23.987631 16479.684623
   36.495692 16467.941351
   22.440587 16478.210917
   21.358468 16475.102352
   38.376431 16465.734512
   20.709990 16476.108962
   25.952507 16467.129731
   18.464462 16472.512458
    2.466417 16479.455028
   26.539380 16469.613070
   12.826826 16472.265965
   20.543081 16475.763267
   22.376323 16462.366887
   24.619839 16457.745884
   22.911557 16465.122923
   27.025251 16472.569107
   23.754040 16474.377251
   20.451693 16468.177213
   20.319415 16479.260497
   39.066058 16472.502808
   46.649771 16480.179087
   13.813432 16477.426837
   22.204049 16477.733468
   20.285006 16459.770256
   16.314125 16481.980208
   15.514444 16480.847993
   14.353322 16471.432622
   33.384659 16479.870371
   26.940054 16474.181454
   23.868920 16474.366664
   30.829270 16481.999113
   45.151024 16479.199223
   19.245270 16469.452426
   23.995571 16470.756533
   20.780627 16480.990847
   25.023277 16468.760397
   12.514678 16484.861980
   37.093345 16468.470268
   21.112610 16483.647681
   14.610289 16465.585030
   35.425157 16464.258994
    9.629400 16473.778538
   12.559551 16470.232177
   20.749408 16477.070040
   24.482120 16463.819849
   17.187174 16471.522957
    6.925612 16473.792766
   36.946896 16476.903441
    7.631308 16479.029791
   29.654967 16477.896223
   33.585840 16481.673684
   22.605682 16467.269794
   27.526913 16465.967357
   34.645828 16471.061003
   23.150137 16472.910642
   12.389911 16478.566427
   26.296376 16475.243937
   33.308779 16474.011565
   25.603420 16465.323330
   41.270267 16467.483470
   26.047473 16479.074650
   37.125082 16473.580577
   24.018291 16473.430413
   16.967264 16475.906333
   24.960811 16478.771471
   51.827843 16469.702414
   20.242725 16478.022263
   37.374254 16483.429158
   22.912382 16465.227168
   14.643124 16479.996861
   13.813455 16481.274582
   35.856806 16467.589470
   19.031507 16469.716159
    7.022325 16473.407636
   12.239549 16465.779699
   19.712070 16468.266879
   17.448854 16473.996957
    9.267485 16474.788694
   23.464236 16463.538471
   24.062153 16476.539253
   25.450361 16473.492202
   27.724613 16462.222368
   22.474025 16476.638168
   34.381068 16473.687695
   27.081233 16469.235895
   18.467694 16470.468177
   25.613783 16468.354111
   11.971881 16469.142215
   34.469578 16465.335314
   11.146564 16469.507365
   18.550348 16463.298355
   25.157839 16463.161659
   32.882817 16465.575890
   31.099005 16468.260298
   15.915652 16466.545118
   15.815838 16469.420651
   19.151696 16470.731893
   21.262117 16466.094890
   20.730815 16469.095620
   38.886918 16475.726279
   22.470685 16472.855397
   27.610057 16461.782520
   25.535684 16462.575793
   23.774105 16472.028132
   42.923516 16468.002675
   43.240280 16460.364336
   17.959227 16458.577444
   27.785459 16470.741979
   38.560449 16463.252371
   28.147499 16463.096394
   32.023298 16458.187380
   33.821023 16455.674929
   25.743256 16452.549266
   31.113475 16465.339122
   18.286516 16458.021081
   18.358205 16472.179684
   22.693023 16455.238351
   19.098134 16472.232860
   34.416391 16464.770812
   37.833919 16466.900002
   22.362082 16461.621564
   29.454997 16461.915661
   33.474989 16461.255040
   16.759319 16473.014687
   37.005406 16464.856080
   16.693678 16476.851095
   11.405391 16473.907337
   21.616918 16464.844274
   12.044519 16462.168538
   25.742290 16462.553691
   25.648620 16454.843989
   21.829284 16460.705427
   11.928673 16463.029882
   19.191378 16455.819553
   31.336687 16450.937601
   41.510401 16461.653607
   39.712124 16456.960511
   18.340804 16463.619590
    8.808879 16471.190121
   29.445788 16462.411406
   19.212508 16469.075789
   23.482801 16465.339070
   29.753785 16479.794766
   39.970900 16481.477115
   30.976030 16473.202145
   24.272543 16460.586119
   34.266342 16471.507819
   23.760872 16454.850356
   40.611377 16462.840006
   31.066617 16457.410640
   43.818863 16459.981900
   25.472218 16466.984544
   46.789402 16475.356951
   32.372304 16470.111084
   23.558419 16470.700743
   15.143092 16465.916781
   28.293663 16473.188512
   33.090633 16458.701020
    6.969735 16479.304286
    4.824475 16475.621073
   23.041464 16479.205339
   16.822430 16463.782604
   33.102842 16477.997768
   26.424950 16481.775435
   17.564972 16473.564845
   18.705770 16471.767723
   12.092510 16474.705954
   37.436213 16480.079140
   39.549103 16473.424391
   30.884519 16470.955700
   34.061499 16469.234150
   47.246878 16462.949703
   40.428539 16475.801256
   33.695955 16471.395861
   42.083171 16471.831626
   41.306713 16483.499891
   29.464396 16485.549627
   21.480173 16478.138762
   19.612529 16473.875286
   35.038962 16466.876918
   42.916655 16468.898121
   37.695298 16472.855371
   33.234354 16463.665845
   22.433105 16478.438195
   34.992030 16482.409689
   27.346928 16475.531819
   43.283710 16471.877784
   25.720025 16472.129364
   15.338249 16469.332795
   29.635714 16476.416461
   20.494939 16465.660844
   21.720303 16460.197264
   18.546560 16467.360924
   20.493015 16483.012067
   14.949251 16476.208756
   16.397552 16466.023334
    7.636064 16469.748325
   17.737498 16472.915137
   12.253987 16466.334170
   24.484939 16479.150651
   40.188443 16473.781146
   21.379927 16467.070431
   20.480804 16477.484434
   45.495123 16470.406822
   28.502217 16470.252943
   22.407385 16473.213538
   20.494517 16475.841955
   26.599400 16479.286828
   15.551559 16471.703903
   17.861553 16482.566180
   11.022165 16472.832722
   24.574257 16471.105392
   42.638785 16468.019035
   17.151596 16476.886617
   14.877253 16470.875860
   24.756335 16464.237659
   12.421557 16470.582360
   18.244346 16474.607668
   43.524852 16479.599481
   16.709060 16467.566730
   10.020507 16479.500193
   22.370469 16481.875208
   25.643989 16482.322290
   21.691887 16479.562342
   41.100002 16478.516767
   34.028458 16473.692620
   23.771685 16469.847660
   25.157379 16478.008470
   13.206759 16478.718784
   37.023277 16475.954849
   27.617869 16474.066783
   38.953558 16466.060386
   21.265454 16468.193135
    8.054085 16475.777885
   31.082466 16462.594351
   24.499801 16465.256872
   23.861343 16459.496759
   22.100484 16464.208126
   22.699765 16472.768129
   27.247773 16470.191302
   24.778011 16464.293458
   32.978094 16476.731585
   32.604800 16484.680500
   35.254934 16484.345389
   16.338564 16472.111858
   25.579324 16466.299116
   47.148550 16470.987932
   39.359158 16472.584765
   38.908972 16473.123484
   26.612062 16466.864325
   36.686054 16464.757324
   31.256433 16482.799651
   49.639006 16477.619356
   33.351483 16464.824062
   34.469124 16474.016802
   26.485525 16469.919312
   33.920630 16472.921087
   24.215708 16467.155755
   27.167252 16472.714113
   36.882910 16474.167749
   43.448966 16476.052346
   22.804644 16474.785842
   19.485356 16468.009366
