-56.388576 -60.983930 -42.927603 -63.472608 -54.552440 -43.227006 -52.456106 
-54.938871 -62.684680 -60.998165 -49.012966 -54.348789 -51.059674 -55.066378 -56.006481 
-54.885978 -63.483588 -62.991572 -49.982318 -49.419240 -60.061673 -55.580047 -45.926870 -53.060627 -64.809410 -63.419799 -62.051699 
-47.163780 -62.655239 -62.526422 -42.447091 -45.742354 -45.581082 -64.093962 -66.381764 -62.101010 -49.229588 -64.838265 -50.106165 -42.430662 -53.141738 -58.262878 -52.323662 
-52.254970 -43.893136 -61.092629 -64.334177 -46.915737 -42.348325 -35.494602 -34.673226 
-52.907696 -47.679236 -60.860038 -64.580312 -65.061617 -37.418285 -45.007590 -49.613810 -51.350306 -48.828845 -61.033934 
-48.929519 -56.507012 -62.083247 -64.325241 -52.544795 -50.945557 -62.614538 -55.765045 -66.164467 -64.632314 -64.284472 -60.303876 
-57.125229 -51.360386 -64.244113 -40.668666 -53.271923 -63.265394 -64.376593 -60.471164 -56.667048 -65.126942 
-47.881809 -59.142488 -63.545319 -36.763363 -49.772934 -64.677483 -61.191681 -57.708300 -64.879801 
-50.845030 -56.701807 -66.387673 -58.402516 -52.674888 -60.767355 -48.343929 -60.778930 -59.033291 -66.536923 
-50.845030 -59.738391 -54.027231 -65.587224 -52.633772 -48.770386 
-49.203611 -59.206658 -53.676219 -55.984251 -54.229469 
-52.577756 -41.996692 -60.321283 -55.674297 -61.520949 -54.311135 -54.994818 -57.448129 
-50.834524 -52.356701 -60.311249 -54.579729 -60.663254 -44.712509 -56.649510 -49.309750 
-47.895314 -43.558487 -60.077173 -51.490318 -61.279844 -35.885502 -39.861180 -43.565529 -42.003329 
-56.682016 -44.205406 -61.285461 -53.395342 -64.886568 -52.750370 -51.312116 -50.683705 -58.334675 -63.763919 -61.589988 
-62.272411 -52.838129 -61.219421 -51.083285 -63.919595 -65.978022 -43.910085 -47.026734 -64.450978 
-65.139222 -55.470577 -60.332829 -54.142895 -63.737409 -50.369266 -58.331660 -51.234409 -54.210501 -63.183869 -50.637304 -60.999054 -50.884408 
-52.213625 -50.819148 -47.343364 -63.015529 -63.737409 -54.270274 -37.564652 -40.012657 -66.614363 
-53.743985 -49.794567 -65.873767 -63.953266 -62.382023 -42.105568 -34.010132 -65.055571 -52.060535 -50.068900 -64.979374 
-53.221479 -61.234747 -45.904269 -38.970823 -64.779917 -64.659145 -51.396541 
-52.776870 -49.065567 -48.567361 -47.311396 -37.532754 -57.511957 -52.611528 -43.776458 
-65.719359 -51.679974 -46.217201 -46.366871 -59.147323 -51.469517 -54.204498 -46.852006 -57.636031 -48.914812 -56.648433 -57.822821 -50.961956 
-54.151108 -41.852392 -59.403552 -59.544688 -57.277728 -66.091813 -55.269415 -54.061021 -63.120188 -56.560373 -44.694207 -46.249271 -61.841203 -57.075124 
-42.821080 -43.300564 -55.535279 -60.315668 -58.325903 -58.703361 -55.230726 -58.690642 -42.611197 -64.939244 -51.676509 -60.452878 -53.870372 -66.730207 
-43.543499 -43.055118 -53.747865 -55.178719 
-42.348006 -42.796328 -50.343286 -54.138030 -67.914763 
-59.945431 -44.414952 -50.267737 -54.810169 -64.978518 -43.157683 -40.731796 -64.656141 -57.896538 -41.371629 -67.537840 
-59.033393 -38.917652 -50.267737 -55.225441 -64.916360 -45.061878 
-59.603987 -49.704506 -50.374257 -64.622145 -46.714957 -51.590592 -45.291946 -48.240214 
-60.922100 -46.301902 -50.374257 -57.178853 -56.385147 -64.110735 -42.207793 -56.962235 -50.733279 
-57.098234 -65.968614 -50.915323 -52.854545 -43.530619 -62.877072 -53.217318 -48.755319 -55.524062 
-61.470120 -50.648179 -51.670415 -54.191482 -44.867715 -64.875120 -51.038566 -53.157239 -65.889619 
-48.596409 -45.600533 -50.889091 -48.312527 -40.419292 -40.619293 -52.413097 
-48.403729 -46.344399 -52.984702 -44.612193 -43.931862 -46.079430 -47.140343 -40.297952 -61.272149 -64.050692 -65.191506 
-48.957337 -50.092089 -52.582344 -59.764677 -58.198613 -59.892258 -60.906294 -42.250703 -53.365744 -44.196605 -49.088551 
-48.772892 -40.429486 -49.273854 -48.906340 -52.563637 -62.501880 -65.675735 -58.780909 -55.126105 
-54.641379 -41.622753 -49.774503 -59.516277 -46.888924 -67.743613 -62.205600 -51.510697 -55.548506 
-50.149580 -49.398821 -47.860770 -64.923570 -48.609397 -67.810950 -65.942486 -50.842503 -44.910337 -46.369940 -58.206419 -67.122248 -65.727039 
-49.942455 -47.571894 -65.942486 -49.760968 -64.687174 -67.810950 -57.185256 -67.297910 
-50.404761 -34.960835 -63.430598 -46.984002 -61.581950 -68.046269 -49.725872 -40.472003 -63.990948 
-50.519704 -51.874265 -60.938936 -44.787576 -46.787402 -68.015208 -35.372266 -58.805045 -38.427346 -48.481902 -56.852326 -62.796243 -45.087097 
-66.740412 -51.190592 -67.512100 -47.423137 -52.485461 -67.991323 
-63.115087 -48.666349 -67.436652 -45.566108 -53.307052 -58.035745 -65.422307 -64.145922 
-63.083284 -41.613271 -67.009036 -41.221607 -56.645285 -61.900960 -43.591464 -58.029437 -53.542596 
-63.008139 -53.805505 -67.609093 -55.224459 -56.645285 
-58.893873 -52.658436 -54.932609 -53.355538 -57.192356 -59.127534 -60.815957 -55.774534 -67.302775 -56.651264 -54.112167 -56.680307 
-62.910584 -51.566808 -65.453381 -53.016746 -52.430238 -64.939415 -51.480263 
-61.579439 -46.794597 -64.562530 -44.317941 -52.353277 -47.357908 -60.573954 -62.355482 -59.696324 -56.530087 -54.627729 -61.877064 -56.014853 
-64.159123 -54.542854 -42.600959 -43.857445 -56.505318 -62.402419 -66.049353 -55.971895 
-65.583026 -54.961708 -46.933046 -45.734081 -55.128069 -66.202268 -50.253278 -43.710113 
-61.967033 -65.987514 -50.295059 -52.094844 -53.978452 -53.769852 -63.658513 -47.511095 
-62.269813 -66.328868 -48.416912 -48.489340 -53.174373 -57.382383 -61.282104 -48.642065 -66.517890 
-62.363379 -66.047682 -41.618163 -41.760884 -57.570906 -65.255591 -51.080513 -66.140395 -64.498870 
-38.379536 -63.510037 -40.204594 -38.508048 -55.142045 -65.539887 -50.627672 -64.603284 
-65.021092 -63.011184 -43.293710 -42.156528 -54.766071 -66.868838 -62.107575 -64.076592 -42.738761 -65.302462 -59.322928 -62.033160 
-46.680549 -58.634263 -61.396795 -63.580970 -49.978038 -41.563174 -53.553245 -66.069587 -46.373745 -64.779707 -49.238311 -66.799850 -58.819380 -51.679396 -65.144758 -48.416404 
-45.831149 -65.148545 -62.698821 -58.090139 -51.535177 -47.670519 -47.642308 -59.529769 -49.244069 -61.638845 -56.065567 -63.951287 -64.762370 -59.133602 -44.035868 -52.121354 -59.396379 -62.356357 -60.441755 -52.225926 -56.745023 
-66.585948 -56.518503 -58.343391 -50.121495 -46.893734 -54.213798 -61.078574 -49.489531 -37.577091 -54.262014 
-52.875637 -53.007058 -61.647810 -48.570990 -49.701550 -52.583641 -62.149570 -62.590366 -62.736730 
-48.365517 -47.315970 -57.785491 -55.738962 -51.928153 -63.839064 
-39.250727 -51.329506 -60.273402 -65.203184 -64.063440 -60.165892 -53.888913 
-65.925636 -55.553338 -60.145225 -55.571238 -50.705107 -63.561039 -48.862888 -65.178354 -64.452116 -65.796588 -39.966952 
-65.740656 -53.162155 -49.776209 -60.548418 -52.469560 -59.348903 -56.163554 -55.119758 
-44.928911 -44.704731 -50.240726 -62.670034 -52.774884 -43.805044 -63.987459 -39.924570 -44.760725 -52.332625 -57.484572 -52.812347 -56.423775 -63.479370 -51.142086 
-64.655136 -64.535508 -43.677896 -62.670034 -65.334289 -50.343923 -46.489122 -54.524227 -45.575692 -61.661019 -45.303892 
-43.561472 -62.381167 -53.442113 -51.503741 -48.250462 -63.419533 -57.983226 -56.114057 -62.037851 -48.196657 
-46.707870 -60.747404 -50.241984 -50.989557 -49.852613 -60.597114 -58.855359 -57.885495 -46.946661 -62.622174 -56.260374 -52.739285 -53.294244 -59.992198 -46.482355 
-58.148087 -62.826202 -53.278265 -51.853525 -48.626863 -46.439549 -62.887432 -48.112164 -46.598291 -35.877115 -36.033845 -58.533172 -49.774068 -44.979794 -49.520719 -35.142584 -61.041422 -55.817070 
-44.389961 -65.622095 -60.398270 -53.087703 -66.690302 -53.895251 -39.215098 -44.983638 -60.773623 -61.244573 -41.422639 
-48.378553 -64.394008 -66.260830 -52.068661 -47.447246 -66.087729 -57.761768 -57.769102 -43.656929 
-49.193808 -64.394008 -66.062091 -53.111100 -41.934565 -51.255092 -54.372284 -39.753207 
-59.609682 -58.911413 -67.115604 -52.963225 -45.326981 -45.332934 -57.081870 -48.080254 
-57.790433 -59.648978 -42.202159 -58.885381 -54.090678 -47.980676 -47.638594 -39.372011 -46.455287 -34.621448 
-46.709011 -60.717603 -47.560491 -56.477760 -50.213579 -63.916892 -46.635114 -54.030943 -47.120561 -53.472486 -67.507433 -67.566511 -52.151603 -65.182760 
-48.597594 -56.131236 -66.228247 -59.527993 -62.156974 -53.868705 -62.491316 -59.420325 -52.312066 -62.595310 -64.116171 
-53.868705 -52.935517 -58.813944 -55.836217 -48.751960 -55.810925 
-55.790114 -45.021349 -54.705623 -58.755917 -63.148720 -43.393739 -39.096487 -65.410333 -65.749734 -56.109927 -62.895231 -57.994756 -43.546690 
-53.016029 -47.977897 -60.165352 -60.681157 -53.201710 -54.238442 -56.802383 
-55.082436 -50.159442 -57.148833 -49.309935 -62.274192 -66.682581 
-52.041520 -51.564409 -59.754338 -49.453751 -60.587636 -63.671873 -39.693949 -63.174727 
-53.089018 -37.676884 -59.684637 -50.593081 -58.435592 -52.351313 -53.673133 -53.507565 -54.784941 
-46.873605 -51.747603 -65.858022 -49.316967 -63.780780 -57.551310 
-63.854416 -55.388904 -52.982332 -53.138882 -47.113759 -49.087993 
-52.807900 -65.394164 -51.173700 -48.926632 -54.287030 -64.590565 -56.050121 -40.849911 -57.692159 -39.584645 -39.999373 -44.697838 -46.502435 -49.782561 
-48.832464 -64.556432 -52.975866 -47.288309 -59.613603 
-48.257541 -64.379679 -53.611862 -47.536220 -53.522568 -58.723046 -61.873995 -66.175014 -44.902509 -55.900230 -61.794258 
-54.657061 -64.073684 -50.402580 -41.030400 -48.756288 -64.339076 -58.830253 -66.475601 -58.611502 -54.272918 -53.919289 -64.028945 
-54.863888 -64.305463 -52.180117 -62.952516 -48.984970 -61.566415 -48.815194 -55.479249 -57.585792 -63.079179 -63.400821 
-54.525735 -52.323779 -54.586359 -60.231973 -49.195133 -63.835558 -52.349433 -49.752305 -54.242553 
-58.190475 -55.901756 -53.457895 -54.022858 -58.417720 -60.706601 -49.774101 -51.898660 -47.651371 -45.775492 -47.940118 -47.585242 -60.252971 
-41.734525 -63.509211 -53.386914 -65.726249 -62.346892 -46.160292 -54.646958 -61.025824 -50.755216 -55.602356 -43.211325 
-45.470178 -65.121038 -54.933739 -56.404936 -60.281922 -46.991267 -58.338534 -65.937604 
-65.413987 -65.313198 -45.238697 -54.230807 -60.281922 -52.434596 -42.852018 -52.954851 -49.659128 -54.191360 -51.647756 -49.016278 -65.457315 -58.902757 
-53.082272 -54.274267 -43.407715 -62.009702 -54.474671 -57.731661 -54.381059 -60.437233 -66.054535 -49.928943 -47.674203 -64.636188 -44.249727 -40.709912 -45.273163 
-48.330922 -52.726395 -50.309890 -53.289459 -54.169790 -46.609459 -47.530442 -47.114060 -49.786376 -61.403819 -65.143742 -62.169622 
-45.751940 -41.348773 -43.154438 -49.234177 -57.302305 -65.457837 -52.449599 -56.871575 -45.814924 -45.366272 -54.729469 -66.509995 -58.154972 -53.438347 -63.936771 
-55.068865 -39.411156 -54.221294 -54.658473 -59.464356 -41.064687 -61.594266 -43.106867 -40.470605 -64.654826 
-55.336195 -39.041393 -49.686069 -59.297170 -47.708088 -50.626531 -42.579115 -42.915049 -52.111450 -59.951710 -45.971405 -59.656712 -59.988481 -53.950389 -54.180067 -60.725773 
-63.686161 -43.528073 -59.983541 -55.455215 -55.422834 -44.485797 -65.507494 -53.469946 -55.025948 -61.225783 
-64.486530 -49.091760 -62.966576 -54.068464 -61.257083 -48.333925 -42.829983 -56.045922 -64.598141 -44.327204 
-53.337270 -46.521911 -62.731077 -35.224991 -59.447732 -60.529097 -64.479529 -55.394306 -47.304290 -48.706391 -42.837603 -51.062238 -58.864787 -44.354136 
-53.046803 -59.705955 -67.024761 -36.572750 -47.810517 -61.485039 -45.253835 -64.398902 -55.869211 -63.697937 -52.654015 -57.498200 -47.135657 -56.481216 -62.813623 -56.659012 -67.171622 -41.868536 -60.424611 -57.116040 -64.059500 -61.924687 
-62.986985 -63.711582 -52.776722 -63.750269 -47.332846 -67.697577 -44.270238 -66.732032 -47.322175 
-63.635143 -62.847204 -50.783772 -50.950654 -50.772761 -57.541801 -47.778616 -54.788580 -63.691737 -49.356400 -43.662167 -52.716958 -52.201788 -52.686733 -54.081323 -53.116163 
-63.360963 -42.057572 -60.492620 -44.982728 -58.551449 -52.952446 -58.875824 -40.943873 -46.856017 -43.025181 -53.145344 -56.630870 -46.222316 -67.099149 -36.405795 
-58.195809 -55.006186 -49.680771 -52.341580 -48.977308 -58.416862 -55.925450 -59.135862 
-61.801463 -58.828274 -46.489194 -53.604205 -37.256338 -62.658580 -64.271318 -39.144157 -56.036523 
-65.094340 -48.036918 -67.362706 -59.268599 -54.079764 -48.276500 -57.549120 -61.831568 -52.491175 -61.138871 -47.604886 -63.053550 
-43.998094 -41.713614 -51.564868 -63.386819 -56.371352 -59.282892 -64.646325 
-46.892563 -63.857977 -49.949293 -64.131331 -54.062416 
-47.075180 -47.187174 -61.580942 -63.107005 -51.161279 -54.645465 -39.843798 
-46.473124 -49.598351 -62.605857 -58.918116 -63.963513 -61.312706 -53.841638 -51.647118 -52.547539 -36.310432 -64.393096 
-53.964570 -54.081189 -60.928925 -57.725047 -55.857190 -45.968399 -56.865724 -64.623758 -47.335131 -46.517316 -64.912593 -62.766542 
-64.915525 -53.699163 -62.534409 -59.615727 -64.813966 -45.716574 -40.639411 -45.932749 -46.822034 
-64.708037 -47.525826 -36.274796 -63.531905 -48.518133 -66.068392 -48.252296 -52.209369 -49.268017 -65.068305 -55.819387 
-66.038208 -54.727945 -45.936350 -65.246297 -52.438625 -44.097652 -54.153054 -48.588086 -63.501076 -41.853433 
-63.904210 -48.694936 -47.413543 -64.341530 -50.804575 -58.204518 -47.096859 -54.356998 -40.175972 -54.100416 
-62.016083 -51.426526 -47.102780 -61.350875 -61.825057 -53.156656 -59.299202 -55.781370 -64.590893 -44.672176 -61.321704 -38.988164 -61.288423 
-61.593383 -53.115575 -37.899758 -63.088336 -47.158494 -53.108773 -56.430174 -42.554148 -38.887666 -63.613398 -48.848742 -63.022325 
-43.236859 -58.718236 -39.489136 -60.739111 -44.876659 -53.465653 -51.759769 -42.610031 -61.193516 -66.266848 -38.302084 -58.476912 
-64.944694 -60.408298 -39.444713 -59.060452 -47.900699 -54.961271 -42.371259 -40.963399 -67.832609 -59.683239 -55.377369 
-47.473470 -57.607844 -53.188159 -59.613260 -66.192274 -53.502427 -47.079700 -64.197578 
-47.046756 -63.989679 -51.422397 -63.824690 -47.352878 -45.640699 -45.449816 -54.704104 -53.692117 -52.545797 -53.021003 
-55.172972 -43.211470 -52.078490 -54.548060 -49.486119 -62.693715 
-54.525301 -60.016160 -50.740271 -48.010209 -47.026043 -63.792135 -44.871749 -46.848957 -49.995910 -43.078765 -50.080304 -46.180088 -44.462510 
-59.566471 -57.548348 -46.804045 -53.369808 -45.349120 -60.450825 
-53.286486 -58.056780 -50.439963 -53.172991 -51.566670 -56.870154 
-47.213126 -45.965580 -51.710350 -52.276926 -53.086420 -67.194827 -58.151602 -46.342313 -65.255053 -53.624571 
-62.948717 -50.001526 -60.424092 -45.418509 -52.878487 -50.938684 -40.578399 -64.625654 -57.059823 -61.315699 -66.790423 -40.551548 -38.030233 -59.383072 
-59.452405 -46.715502 -65.298957 -53.208261 -53.864145 -39.029696 -65.363329 -45.334301 -54.092943 -65.356855 -40.720547 
-58.591462 -44.368744 -59.772091 -55.193106 -55.884760 -45.133299 -62.937207 
-67.371889 -40.006862 -58.385441 -43.644807 -54.431370 -63.963852 -46.627413 -42.327501 
-53.217048 -64.052349 -49.113463 -50.336104 -61.574214 -47.120934 -48.524298 
-64.393294 -59.793469 -40.749942 -43.400757 -43.330753 -54.796262 -48.608586 -40.413026 
-62.022092 -63.122189 -42.670027 -42.312988 -62.659459 -55.150964 -64.803750 
-61.337077 -59.528490 -56.215526 -47.317377 -48.961689 -58.997991 -39.929388 -57.572966 -48.681628 -59.708270 -63.788845 -65.914720 -37.356857 -45.686755 
-57.277844 -59.123034 -40.769698 -43.730984 -43.521196 -57.026327 -56.293204 -53.476813 -54.102350 
-60.953573 -51.581640 -41.574055 -45.679529 -46.322377 -44.932182 -53.971832 -65.317609 -39.218256 -39.484400 -65.699376 
-65.457306 -47.015238 -64.617270 -46.613975 -52.087981 -50.189171 -43.753817 
-50.637196 -42.839048 -52.065017 -54.262475 -60.858217 -63.630025 -64.264914 -64.961942 -64.061459 
-51.312204 -46.005526 -54.408521 -51.859358 -62.622154 -63.630025 -46.364398 -54.282655 -53.478744 -56.381144 -54.014841 -60.020811 -66.895666 -66.596246 
-44.641199 -38.495896 -65.463693 -51.675556 -61.102847 -54.499939 -48.582386 -46.977981 -64.880632 -53.944668 -54.030351 -44.786813 -47.640692 -47.299815 -56.362713 -50.588927 
-55.561999 -51.448967 -53.578063 -53.479992 -60.429923 -47.129425 -42.674751 -53.312515 -44.364515 
-54.311378 -43.049467 -41.641010 -66.841534 -58.628496 -57.272608 -60.125126 -58.536807 -51.579755 
-53.979022 -46.969790 -48.113236 -54.950390 -61.184424 -58.090386 -54.447599 -48.376157 -52.402213 -55.869995 -41.202272 -39.249590 
-63.768744 -45.864396 -46.946854 -53.438237 -60.768693 -63.647313 -42.085129 -59.001751 -48.787444 -61.617113 
-61.441522 -63.140218 -48.783452 -53.496127 -62.189221 -57.359173 -48.899742 -66.157461 -64.574431 -63.715445 
-66.209943 -39.385717 -44.553464 -52.864899 -57.289594 -40.764284 -49.331274 -42.048973 -42.015045 -54.631857 -43.932240 
-59.027146 -45.266902 -54.337066 -49.615546 -63.355600 -39.962099 -53.978544 -52.803998 -54.495692 
-52.515865 -44.576465 -43.713096 -64.613595 -54.586732 -54.057863 -35.462620 -39.617782 -35.914959 -63.997802 -67.272722 
-52.056707 -41.951028 -37.757218 -64.519545 -51.467345 
-53.174032 -42.551985 -49.445312 -65.404702 -43.509989 -55.830782 -65.560117 
-52.573496 -40.052022 -40.058765 -65.404702 -52.494098 -61.097175 
-52.573496 -42.821622 -40.306109 -62.071190 -47.530439 -54.304765 -41.698447 -49.828554 
-52.917204 -43.438229 -43.543092 -62.566186 -44.322944 -35.791885 -67.396933 -46.846163 -44.345414 -38.033529 -42.813801 
-52.597796 -48.207826 -54.771766 -62.893514 -63.953567 -65.543249 -63.731558 -38.640145 -64.704930 -57.104221 -57.973329 -67.971857 -51.087262 
-50.178375 -38.342753 -54.700701 -44.990484 -45.327301 -47.078078 
-39.705453 -62.554675 -49.259080 -49.462030 -60.125674 -53.563668 -56.522463 -58.868203 -60.681549 -42.322216 
-58.868203 -53.796041 -51.386880 -37.116842 -37.396477 -53.036163 -45.788590 -40.701121 -62.699813 -57.082286 
-53.254221 -52.048588 -48.446839 -59.613799 -55.095848 -60.574617 -59.170296 -40.137524 
-53.171567 -49.249792 -46.790533 -47.225550 -50.830179 -57.604210 -62.806409 -45.527566 -53.009039 -48.838962 -53.163985 
-54.435153 -41.442068 -61.097529 -60.434997 -39.531356 -42.504393 
-54.258545 -44.612231 -43.812152 
-53.557557 -46.115625 -41.684457 -40.167039 -53.783547 -57.699339 -36.017898 
-52.505178 -44.882286 -40.172895 -36.540730 
-59.926936 -55.078549 -43.277083 -48.609833 -66.861493 -54.449837 -39.847335 -39.576492 -64.203577 
-57.607217 -39.632547 -44.997946 -47.252479 -61.810783 -58.701300 -66.140668 -61.656403 
-52.847051 -39.421512 -41.426449 -55.823803 -45.143228 -63.593574 
-50.340510 -50.855540 -49.460698 -55.403511 -61.943136 
-56.022868 -55.173469 -53.888591 -64.430673 -61.305409 
-56.012651 -56.078155 -51.198505 -42.007087 -63.736440 -37.822002 -59.251229 -58.471635 -61.704892 -56.843853 
-52.335458 -42.256275 -46.353503 -66.157530 -62.627872 -45.142863 -61.634895 -58.075317 -60.581949 -47.505601 -42.410384 -52.259967 -39.716873 -45.715067 
-64.303345 -52.171005 -66.741249 -54.841144 -45.401272 -51.628812 -62.290809 -38.862713 -56.742257 -53.344847 -61.543628 -55.667132 
-44.868138 -53.720883 -65.710664 -55.821010 -49.854418 -46.413793 -52.474765 -50.294128 
-53.734545 -54.288384 -49.151902 
-62.843853 -55.167528 -45.802405 -63.956636 -47.449928 -55.241158 -60.925217 -54.825610 -65.508092 
-58.580694 -52.384526 -46.491442 -50.844626 -61.333956 -35.499028 -65.786988 
-41.184631 -57.777558 -41.025599 -50.274105 -65.091435 -52.387042 -59.737255 
-63.460041 -54.645958 -43.397123 -54.851258 -51.522902 -57.820473 -59.098657 -47.081059 -59.847603 -57.505213 -66.011385 -57.856400 -42.438148 -48.065550 
-47.717277 -51.507779 -47.693006 -50.308009 -35.692866 -57.820473 -59.098657 -64.891455 -50.807978 -49.951829 -67.322535 -66.686999 -56.365621 -64.423044 -48.585113 -55.428964 
-36.083892 -51.199808 -42.759204 -50.886041 -56.828920 -64.222807 -60.993702 -48.444181 -60.313773 -59.707325 -61.685923 
-43.765930 -50.627869 -48.859856 -66.495126 -57.035088 -63.206991 -58.908579 -35.851423 -64.836039 
-41.951618 -56.952305 -46.344838 -38.999201 -41.800579 -63.284589 -62.793343 -63.656649 -62.957205 -55.776955 -40.655421 -61.242215 
-62.301674 -56.926740 -61.242215 -61.496726 -41.946129 -41.715750 -63.535301 
-41.866506 -56.396268 -42.992458 -62.085924 -67.479918 -51.498050 -53.808247 -62.541625 -40.308967 -65.731138 -61.625013 -57.499220 -40.548585 -62.496775 
-42.365197 -61.378585 -46.314004 -63.664204 -41.682610 -51.725677 -53.945117 -60.502926 -59.403446 -58.635749 -56.117134 
-66.750188 -54.320865 -55.032002 -53.434775 -45.957280 -51.283993 -63.454405 -62.805726 -56.217385 -46.550834 -45.066388 -38.225997 -54.995424 -61.036595 -44.167437 -58.227638 -67.540182 
-61.502252 -41.193156 -44.142873 -50.449316 -47.788735 -52.546218 -59.081023 -54.514874 -57.228770 -49.074837 -62.725626 -38.313320 -66.601721 -48.925100 
-61.502252 -62.507288 -64.500965 -48.550389 -42.152739 -51.954413 -47.827705 -53.861355 -44.129848 -43.652391 -60.293516 -52.410021 -64.594740 -64.537309 -49.866186 -60.438407 
-61.606496 -61.198393 -57.423706 -49.318650 -49.124348 -46.975946 -65.044183 -58.373183 -63.896364 -59.978873 -61.295367 
-59.197853 -59.285324 -56.871877 -53.055782 -46.964865 -39.891502 -53.468977 -61.284528 -60.031278 -61.134689 -45.226090 -39.973492 
-57.867075 -59.215335 -55.127656 -54.476466 -49.232011 -51.806131 
-60.432243 -60.764198 -53.253731 -55.954920 -46.959768 -47.505151 -57.634617 -43.855675 -62.718300 -61.930876 -65.352070 
-62.030235 -64.623447 -50.551732 -54.908147 -49.232271 -48.691854 -51.354077 -56.765494 -60.293513 -56.657791 -54.445348 -67.369366 -51.315670 -65.359428 -51.046053 
-64.939655 -65.046024 -54.938099 -61.192389 -54.929864 -47.500734 -64.844694 
-49.322205 -64.089453 -54.169838 -63.506702 -54.483696 -57.551300 -64.921315 -61.682293 -57.022111 -66.831897 
-41.252753 -63.564458 -51.679703 -62.804245 -56.373764 -47.994229 -44.666940 -60.150518 -52.498694 -60.474237 -46.475881 -61.576976 
-66.567248 -42.064564 -52.517645 -63.161600 -46.600249 -56.774292 
-65.848760 -52.492772 -67.058188 -59.188076 -54.145468 -47.220418 -63.111265 -48.182331 -41.181896 -47.245198 -54.011473 -67.511779 -55.605364 
-65.962248 -52.082097 -48.518256 -63.219921 -42.028359 -47.466596 -58.856374 -61.246783 
-60.326975 -55.759414 -43.299430 -41.232430 -60.692497 -63.819288 
-56.841420 -53.600854 -44.133965 -64.469328 -46.850643 -57.964947 -58.132509 -61.135029 -67.632189 -61.323071 
-57.761411 -52.998203 -46.688589 -57.399692 -48.429677 -63.813291 -65.920653 
-51.603561 -53.069334 -59.621791 -60.580531 -38.551834 -66.307456 -61.135125 -43.406320 -65.526288 -67.285520 -44.351374 -67.426812 -66.839123 -63.084083 -62.344995 
-46.591016 -52.864888 -62.737263 -61.265466 -45.976954 -59.655172 -64.855400 -52.960670 -66.734569 -62.524106 -60.432618 -59.448671 -55.663554 
-65.885819 -52.912728 -61.411819 -59.885907 -48.112687 -47.576823 -54.177067 -64.043845 -48.723225 -44.476221 -64.561650 
-38.389682 -53.876057 -61.572776 -60.127916 -52.985847 -42.288033 -50.276679 -60.691851 -57.710551 -36.915242 -56.683096 
-54.439882 -54.732860 -63.099476 -60.845941 -47.555451 -44.229691 -40.589559 -43.251166 -39.008423 -65.659392 -52.299741 -64.022096 -57.442405 -38.922113 -39.929799 -42.515679 
-53.459702 -51.368359 -63.030876 -62.491715 -67.399120 -49.155276 -52.032919 -65.572503 -39.844333 -55.487155 -66.063891 -58.550715 -63.419901 -50.031905 
-52.880256 -50.714829 -63.030876 -61.672027 -50.183760 -47.689487 -65.829885 -46.335047 -62.644722 -34.885373 -44.379748 -57.372898 -37.317081 
-54.308123 -34.905423 -61.935078 -65.404640 -47.032151 -46.559469 -52.211218 -52.750794 -64.807878 -38.302083 -52.702104 -61.823404 -61.848188 -47.550790 -58.388477 -55.584607 -59.565407 
-52.248099 -61.641161 -42.614784 -47.388990 -61.010938 -56.173095 -52.320392 -56.734669 -63.529208 -46.884083 -53.307989 -57.360601 -67.840912 -55.973243 -53.303786 -57.263546 -61.783757 -59.170902 
-53.644439 -61.580395 -58.377258 -46.332761 -52.156010 -66.916263 -55.577449 -60.646887 -64.048196 -50.984406 -43.973730 -58.342076 -63.987541 
-56.766630 -60.092156 -66.008149 -41.245648 -41.600599 -45.860721 -61.965247 -62.732596 
-52.019857 -60.659677 -61.555124 -45.330695 -47.346680 -56.536457 -54.340410 -65.784268 
-53.163850 -65.327767 -61.285578 -50.510218 -60.978847 -53.429040 -45.920261 -59.041664 -57.836296 -47.078830 -53.633483 -55.979383 -65.227797 
-56.039399 -64.627523 -62.529065 -52.585056 -58.512749 -55.883072 -48.858780 -48.143439 -56.882520 -52.034650 -57.706651 -62.635663 -66.785855 -50.087415 -53.364332 -57.161695 
-59.159767 -66.616235 -45.556655 -50.554876 -58.512749 -55.027239 -54.632832 -56.951010 -44.596989 -49.415824 -46.344728 -51.299704 -64.238845 
-58.550357 -37.926926 -53.799523 -45.817888 -58.256024 -46.272782 -56.302853 -57.231116 -61.695619 -43.616767 -45.836679 -47.654430 -57.933549 
-60.801191 -43.991127 -43.552406 -61.945823 -59.822655 -61.576017 -52.857152 -67.177593 
-59.686178 -48.389144 -49.340278 -52.782056 -58.510113 -59.815110 -63.490430 -59.074053 -51.776794 -61.340858 -64.699203 -66.817960 -65.248068 
-48.702817 -41.086702 -49.152563 -53.123334 -56.092582 -59.055983 -59.354297 -63.384473 -56.750477 -36.739253 -42.263920 -57.886991 
-42.903183 -50.240418 -47.869447 -49.227992 -66.499516 -59.055983 -59.354297 -45.938186 -56.120926 -51.315855 -65.405916 -61.157773 -42.125902 -43.380289 -37.689441 -36.118004 
-44.531763 -44.619480 -54.519137 -59.354297 -46.266762 -59.231940 -67.243651 -58.585634 -57.874547 -42.740494 
-60.946014 -49.185836 -50.211742 -59.774780 -55.438103 -59.108328 
-58.763197 -54.476814 -45.999093 -59.760706 -53.040803 -53.888680 -44.879561 -45.211368 -64.009236 -66.457190 -60.502355 -57.864831 -63.084811 -39.019910 
-62.196224 -46.934727 -51.657339 -63.900694 -54.164876 -60.276909 -40.174679 
-55.167727 -54.302356 -49.119686 -42.471749 -67.156404 -36.879820 -62.917723 
-56.466391 -53.115307 -56.070290 -59.889398 -60.727412 -62.747807 -56.011609 
-54.121734 -46.311024 -56.070290 -58.084849 -51.640888 -53.849421 -65.833853 -60.073624 -53.425081 
-54.748619 -50.430768 -56.845690 -57.406902 -63.698836 -65.327009 -60.599715 
-50.968725 -57.121702 -55.469830 -62.777470 -34.358701 -64.368349 -67.751644 
-50.473758 -45.440478 -55.144218 -64.129295 -66.800300 -48.752815 -54.061001 
-50.807099 -63.079482 -56.619978 -60.396898 -52.102510 -58.151355 -38.774085 
-50.807099 -59.554355 -56.650078 -58.668067 -51.640817 
-53.590160 -61.359500 -56.083263 -60.691882 -50.042452 -64.403302 -63.577936 -56.864649 -63.919919 
-53.751327 -44.660996 -57.484507 -59.019825 -37.670622 -47.591545 -58.624059 -54.096226 -44.192303 -59.320537 -58.129745 -41.237070 -67.049449 -50.346401 -66.197301 -35.932423 
-47.188948 -54.189878 -51.669638 -55.509140 -52.225919 -45.800778 -45.417124 -36.995237 -56.272496 -61.866697 -45.829583 
-43.343121 -57.697220 -52.329213 -59.149038 -51.014651 -47.009724 -48.578767 
-54.395198 -38.010760 -52.263406 -60.480976 -49.304483 -52.102546 -51.265188 -51.040677 -60.253799 -57.824444 -64.393427 -59.501588 -44.366304 -48.175066 -60.391031 -53.534165 -55.319053 
-47.012191 -57.631273 -52.263406 -61.153673 -43.299748 -56.292724 -47.135377 -64.938642 -47.245906 -65.292023 -56.079097 
-47.119131 -47.361369 -51.304329 -59.020898 -62.564360 -60.296597 -49.681364 -44.359323 -60.707483 
-65.649732 -35.852925 -51.684734 -54.848855 -41.304186 -49.301156 -63.441106 -63.647893 -35.850588 -50.324332 -67.859520 
-62.801695 -50.725725 -54.464352 -61.444801 -38.743853 -57.964895 -37.593411 -34.867219 -62.865257 -51.003260 
-62.340384 -53.846663 -53.159148 -59.518571 -54.026767 -36.997863 -66.765421 -48.962483 -65.644680 -57.879275 
-63.808941 -47.744565 -66.871878 -64.800511 -52.204216 -60.171959 -50.012244 -62.812274 
-64.040592 -57.405682 -54.693592 -64.204060 -46.617634 -51.182099 -58.485738 
-60.880250 -51.182099 -54.358308 -59.563547 -54.855989 -43.849699 -60.887005 -64.560759 -59.983696 -66.587010 -40.648695 
-40.405682 -58.378183 -56.010924 -60.850594 -63.352720 -63.401392 -56.945528 -59.915992 -48.600745 -58.522275 -44.353695 -67.715869 -62.628129 -55.105231 -48.008549 -54.617043 -65.766760 -57.853145 -42.801699 -65.427845 
-43.672315 -61.879054 -55.500855 -47.110605 -46.489029 -61.306463 -51.686224 
-58.901764 -50.078384 -55.020506 -43.806071 -57.075031 -56.356744 -44.319217 -56.402125 
-59.447879 -51.318266 -53.453032 -43.044637 -47.780229 -65.087232 -60.957691 -54.364239 -57.006607 -42.210226 -66.782346 -55.499450 -52.494788 -62.639723 
-60.324624 -37.005293 -55.363671 -57.454869 -46.332850 -54.989381 -67.526199 -61.080079 -64.594416 -65.375546 
-60.844177 -45.814811 -52.450999 -65.565319 -53.243425 -58.550607 -49.864771 -55.089707 -44.960829 
-64.963251 -54.892369 -52.060184 -41.173746 -46.949220 -55.545995 -52.735491 -49.590234 -61.765689 -51.031138 -55.660142 -63.170071 -62.611778 -48.739785 -55.719056 -61.149051 
-51.842540 -64.229741 -51.767743 -49.109983 -59.947842 -45.020293 -66.834095 -59.156070 
-53.983924 -62.301669 -51.487546 -64.655216 -59.755482 -50.899464 -53.327302 -61.639604 -61.301550 
-39.838244 -63.658827 -55.793107 -51.007393 -61.342214 -47.301601 -53.856134 -47.814460 -44.715808 
-60.298861 -52.751626 -58.926786 -46.741792 -60.914680 -48.818315 -46.484286 -54.334315 -64.308154 -59.961214 -61.233196 -51.153030 -63.411540 -53.456062 
-63.240420 -42.830548 -52.406321 -46.114317 -60.917738 -63.450120 -47.160502 -54.573425 -34.334694 -64.185648 -61.801608 -60.956336 
-64.135341 -45.271011 -45.590872 -49.459375 -61.785525 -42.030753 -58.117714 -52.878909 -35.203126 -53.916698 -49.671844 -64.759206 -47.461768 -46.226901 -63.017913 
-64.003053 -46.556986 -52.027490 -54.050090 -61.785525 -35.445978 -46.883838 -50.578630 -59.833745 -41.590406 -63.136651 
-60.827140 -48.364342 -57.973826 -49.864474 -64.243669 -57.223355 -51.875575 -63.494191 -61.985861 
-47.303757 -48.703838 -62.589351 -59.200308 -62.600308 -50.946132 -64.542475 -61.030744 -59.349747 -63.345395 
-35.332685 -49.957632 -58.470592 -58.648182 -61.299266 -52.524954 -48.659865 
-58.057199 -64.072962 -63.257148 -64.169228 -61.710145 -50.654971 -54.177167 -46.065813 -48.146960 -59.350079 -57.123025 -67.300602 -48.695846 -63.672431 -59.851116 
-40.772613 -51.701676 -63.012329 -54.533353 -52.229581 -61.656767 -49.729743 -38.004888 -54.702313 -65.004450 
-52.165106 -64.359000 -58.912582 -44.654267 -59.918243 -59.920001 -47.870338 -46.610645 -63.025205 -61.522805 -53.976444 -49.375853 -49.243539 -66.351347 
-54.782547 -66.076954 -62.722172 -49.287685 -61.877145 -60.338300 -50.525698 
-53.088904 -63.424341 -63.761005 -49.956688 -48.628508 
-48.361443 -56.217275 -64.052219 -42.372786 -47.203758 -59.377096 -46.001810 -57.701294 -62.193904 -50.835151 
-53.615399 -48.533424 -65.509599 -52.531706 -51.106821 -61.176866 -55.088299 -61.425609 -50.096088 -48.937785 -60.806715 
-54.541994 -48.989084 -62.768216 -45.202229 -46.796489 -53.455408 -65.564132 -63.017066 
-54.228077 -61.317505 -65.123169 -47.147783 -52.326917 -44.904194 -57.393831 -55.421699 
-54.209688 -59.684369 -57.107303 -39.141195 -44.778114 -46.863168 -52.792038 -65.953652 
-54.730854 -64.817419 -60.554766 -57.004850 -43.859725 -44.159350 -46.221873 -54.575599 -60.557193 
-53.623866 -64.846246 -61.087266 -49.454395 -44.373565 -41.650565 -53.424957 -51.977063 
-52.965248 -57.755405 -66.184345 -62.950073 -59.658541 -48.158653 -54.476329 -47.271196 -45.598993 -56.646252 -65.758615 -56.575595 -64.049623 -58.737512 
-51.537710 -61.617067 -67.024687 -58.207858 -59.760461 -45.172642 -64.517722 -45.027221 -56.611698 -59.854907 -62.041947 -60.545603 
-61.597120 -64.953865 -49.213798 -53.391667 -46.866228 -49.457804 -50.473832 -63.682065 -41.487399 -60.488272 -55.223705 -53.882743 -59.657385 -62.043913 -45.812869 
-50.051770 -67.488708 -51.647724 -43.466996 -65.583660 -67.339800 
-47.105733 -64.649464 -53.359391 -55.597719 -57.013978 -39.100825 -59.391058 -62.352919 -38.319674 
-51.224091 -61.462748 -52.987170 -51.700440 -60.068256 -40.703279 -57.258431 -51.671020 -64.628525 -52.242059 -60.230066 -49.835007 -57.250075 -39.479496 -57.656386 -55.875777 -62.772314 -36.949817 -57.166792 -61.387259 
-63.209075 -62.574892 -63.474412 -60.345676 -67.348914 -48.665517 -60.473310 -40.956896 -52.104904 -46.869322 -45.679405 -41.215904 
-62.420363 -62.382585 -43.889195 -48.427970 -61.784677 -62.043124 -55.197329 -53.853592 -59.659729 -61.471322 -57.468104 -46.377078 
-63.899299 -61.411220 -57.772616 -53.362276 -56.616307 -54.511213 -55.560759 -64.255943 
-58.739841 -62.881612 -41.383635 -54.516148 -43.199084 -61.826200 -52.900559 -53.807864 -57.627416 -59.454007 -66.614329 -65.106117 -52.920863 -51.398395 
-40.897345 -62.191970 -52.016472 -53.492267 -47.890279 -61.683204 -49.128139 -60.732566 -52.877719 -58.672783 -66.250156 
-45.603556 -62.191970 -49.549691 -46.925335 -48.823110 -61.879562 -49.263128 -57.814156 -50.266747 -39.546904 -55.195662 -66.802455 -52.409668 -64.174300 -50.557552 -41.090417 -54.877549 -63.039245 -63.240706 
-62.619453 -60.669087 -56.465965 -50.283398 -46.209063 -63.312317 -37.724421 -55.371001 -52.609012 -56.126660 -52.051664 -39.074352 -50.261843 
-60.871764 -52.976243 -62.803031 -53.300363 -47.373143 -38.966038 -49.429337 -63.154781 -67.385822 -66.648166 
-61.674087 -55.016479 -62.489282 -49.958031 -53.968125 -57.936299 -60.093362 -62.645073 -65.405786 
-63.959961 -56.627342 -63.658601 -42.791540 -55.193090 -36.557847 -37.006214 -43.547147 -37.541561 -48.694248 -42.197516 -65.437523 
-59.742074 -42.155243 -56.444265 -43.571873 -54.500203 -61.458490 -59.497179 -67.833450 -65.321861 
-57.940152 -55.523313 -43.614457 -65.790773 -55.942601 -59.814175 -53.398145 -67.261205 -67.253832 -43.594869 -62.473575 
-45.881180 -60.862572 -53.688291 -62.493475 -41.137528 -52.852158 -56.431253 -43.482228 -55.094020 -43.390146 -63.646661 -61.301342 
-61.821426 -60.746062 -57.224458 -63.257819 -52.120238 -42.333475 -48.619246 -62.247711 -44.171684 -63.373926 -63.878412 -64.106072 -55.456612 -53.580583 -63.069473 -58.455597 -64.591115 
-66.559911 -60.463677 -55.801204 -44.919137 -55.496542 -43.966955 -43.937443 -61.729694 
-54.899501 -58.762287 -45.126379 -55.900125 -49.277229 -46.717851 -53.288979 -54.081516 -60.900032 -64.869490 
