0.872054 0.908783 1.071868 0.822447 1.232423 1.241895 0.986924 
0.862619 0.878436 0.820215 1.077509 1.241650 0.820435 1.060104 1.186711 
0.855390 0.925527 0.807865 1.045623 1.251410 1.254697 1.177218 1.220500 1.244527 0.869472 1.215959 0.945996 
0.841680 0.904093 0.799852 1.208727 1.061937 1.047402 1.051460 0.828000 1.222089 1.208624 0.829323 1.249008 0.852458 0.833602 0.870668 0.944964 
0.851650 1.039091 0.811251 0.895969 1.216362 0.807477 1.242874 1.178778 
0.827391 1.080701 0.826247 0.903047 1.211976 1.204414 1.218932 0.815019 1.030166 0.973490 0.918342 
1.049774 1.221043 0.808660 0.891631 0.835455 1.221188 1.192739 0.849145 1.179261 0.943858 0.843693 1.043351 
1.104402 1.005753 0.810535 1.209935 0.820111 0.887861 1.234663 1.119835 1.258826 1.222219 
1.021407 1.134650 0.808498 1.219093 0.847937 0.929005 1.205221 1.248679 0.908977 
1.033909 1.242875 0.801889 0.974735 0.823405 0.878129 1.213624 1.183466 1.167491 1.169342 
1.046048 1.196649 0.882822 0.859574 0.819725 1.202033 
1.103516 0.880579 1.216219 0.815787 1.204931 
1.057635 1.211226 0.880026 0.822326 0.816438 1.195685 1.224881 0.807013 
1.074227 1.240804 0.929002 0.836770 0.810740 1.238162 0.888550 1.201812 
1.245353 1.091813 0.888165 0.842206 0.811074 1.252736 1.211621 1.089356 1.190064 
0.800416 1.241049 0.937076 0.929055 0.832090 0.855000 1.071709 1.172667 1.253954 1.063991 1.201165 
1.243902 0.866790 0.935831 1.258111 0.813935 0.922210 1.253790 1.095529 0.902273 
1.159688 1.173142 1.199466 0.840256 0.805089 1.041202 0.866060 1.242563 1.227006 0.913298 0.842607 0.829447 0.866511 
0.844939 0.986855 1.236339 0.908316 0.806771 1.123408 1.190743 0.824063 0.813680 
0.834774 1.011254 0.967802 0.887663 0.814746 0.962914 1.215804 0.876290 1.220060 0.857557 1.239891 
0.805225 0.814681 1.053138 1.189534 0.798223 1.217290 1.173403 
0.809310 1.173888 0.987850 1.177257 1.195520 1.146002 1.210919 1.120447 
0.836824 0.814251 1.000928 1.155472 1.213499 1.121024 1.015481 1.185304 1.153202 1.070451 0.839318 0.815270 1.186681 
1.177731 1.169332 0.968607 0.840516 0.817609 1.027395 0.807273 1.193537 1.098463 1.202084 1.185752 0.942810 1.018214 1.228276 
1.165279 0.985230 0.805696 0.866889 0.798763 1.185239 1.217580 1.107972 1.185820 1.081826 1.159478 0.900157 0.972882 0.830552 
0.977192 1.170760 0.803917 1.159127 
0.997932 1.200297 0.815550 1.203457 0.873614 
0.872303 1.205835 0.812736 1.213909 1.182040 1.036778 0.891390 0.996701 1.155831 1.232150 0.909503 
0.929894 1.212071 0.812736 1.253231 1.226199 1.044354 
0.907399 1.192806 0.799413 1.145620 1.026546 1.206863 1.181158 0.998148 
0.871827 1.042180 0.807012 1.097226 1.096825 1.201038 1.191487 1.251037 1.212636 
0.859052 0.835836 0.798486 1.157717 1.181979 1.168247 1.240196 1.012345 0.975986 
0.874722 1.096505 0.826861 0.964427 1.206358 1.213334 1.117780 1.247379 1.164367 
1.208447 1.064652 0.977664 0.982218 1.201359 1.195528 0.848302 
1.061113 1.211170 0.836181 0.895328 1.226897 0.999277 1.230576 1.230936 1.207315 0.979311 0.843060 
1.033944 1.206831 0.834167 1.119510 0.871075 1.190070 0.809079 1.205444 1.162654 0.993159 0.833724 
0.976447 1.194007 0.841381 1.201377 1.246429 0.840340 1.182158 1.175796 0.805635 
1.246897 1.200426 0.825931 1.145574 1.012150 0.799079 0.897670 0.815109 0.814817 
1.250382 1.255882 1.220144 1.175000 1.020435 0.799079 0.888710 0.828882 1.245203 0.920320 1.047050 1.124243 1.059384 
0.809912 1.045557 0.867313 1.197618 1.156806 0.797531 1.234301 0.927952 
0.827912 1.216445 0.866877 1.029189 1.156666 0.798842 1.211748 1.153519 0.796191 
0.814159 1.241976 0.911183 1.024244 1.147912 0.807142 1.195378 1.198501 1.113485 1.213389 1.125374 1.030400 1.181137 
0.939562 1.242945 0.808358 1.082839 0.865706 1.054638 
0.909352 1.245797 0.830687 1.069440 0.832134 1.171064 0.853100 0.956097 
0.909145 1.211809 0.813438 1.073165 0.831692 1.227079 1.193533 1.026560 1.250594 
0.953788 1.252909 0.826045 1.067742 0.855089 
0.901273 1.236097 0.816344 1.071388 0.854568 1.238606 0.845807 1.251018 0.858011 0.813974 0.939277 0.828823 
0.926948 1.235167 0.803519 1.051557 0.820211 0.955581 0.834756 
0.910011 1.229712 0.804944 1.021023 0.839121 1.124631 1.025375 1.194468 0.804287 1.218139 0.818532 1.136058 1.039511 
0.886341 1.230628 1.016309 1.239894 0.822111 0.823663 1.208641 0.986746 
0.882305 1.159312 1.010863 1.238938 0.795089 0.810354 0.820377 1.248651 
0.894147 0.811066 1.002342 1.237995 0.870044 0.906861 1.219856 1.256675 
0.894620 0.806956 1.062374 1.240244 0.834548 1.042621 1.192710 1.236670 0.972474 
1.214013 0.795371 1.017386 1.233374 0.851641 0.890264 1.221134 1.211588 0.967630 
1.107966 0.806452 1.008326 1.210858 0.817076 0.853224 1.218847 0.977568 
0.900432 0.800036 1.022952 1.217546 0.841795 1.079328 1.248151 1.129567 1.001927 0.907596 1.193236 0.932291 
1.101415 0.797280 0.937552 1.212460 0.840224 1.255470 0.852212 1.153538 1.252747 1.068580 1.258570 0.947371 1.229909 0.906701 1.117259 0.966073 
1.243137 0.808985 0.879384 1.228948 0.845733 1.076152 1.215971 0.908454 1.118204 1.172128 0.891867 0.876996 0.895066 1.174368 1.258018 0.960926 0.997133 0.940870 1.083097 0.871363 0.893243 
0.831886 0.795775 0.900648 0.863140 1.230654 1.248177 1.215465 1.062329 1.225573 1.203333 
1.231382 0.803966 0.900769 1.253371 1.084464 0.851103 1.227075 0.949603 1.171136 
1.201642 1.047388 0.909185 1.229192 0.850279 1.220680 
1.242332 1.074408 1.247798 0.796516 1.109891 0.891273 0.856344 
0.933243 0.803074 0.874519 0.796458 0.978025 1.050027 1.185087 0.796569 1.169293 1.013929 1.183918 
0.799623 0.801498 1.173509 0.838969 0.990520 1.141925 0.881454 1.061231 
1.178841 1.194921 1.222656 0.878525 1.164362 0.981204 1.164775 1.243938 1.240117 0.813814 0.804855 0.877379 0.832864 1.154020 0.999933 
1.213163 0.812444 1.209137 0.871953 0.833272 1.003758 1.148091 0.834441 0.844261 0.798640 1.214472 
1.230773 0.796374 1.205778 0.827262 1.075732 0.923099 1.228843 1.163153 1.190300 0.836939 
1.217670 0.814835 0.862625 0.854725 1.055514 0.896067 1.139020 1.221370 0.912080 1.045000 1.097559 0.907980 0.838382 1.188211 1.240353 
1.251214 0.818546 0.808006 0.851844 1.100529 1.257270 0.907044 1.174730 1.244712 1.220340 0.837243 1.085779 1.121836 0.877592 0.921008 1.179559 0.984287 0.880188 
1.005845 0.826702 0.999981 0.839357 0.875769 1.236897 1.234811 1.209576 1.249604 1.148138 1.068871 
1.012791 0.817061 0.870895 0.823936 1.225617 0.901128 1.067497 1.209017 1.218924 
1.084080 0.813289 0.907124 0.843054 1.249501 1.227079 0.837815 1.227643 
0.908177 0.805984 1.224576 0.831572 1.233789 1.047953 1.101017 0.959741 
0.910487 0.800736 1.218074 1.230495 0.834587 1.050203 1.227295 1.195257 1.101909 1.232437 
1.255552 0.803393 1.013542 1.225915 0.846197 0.896750 1.171847 0.834759 0.822963 1.129309 0.911017 1.101006 1.130319 1.230324 
1.252304 1.141716 0.958068 0.891887 1.242916 0.853115 0.810940 0.884938 1.037918 1.184061 0.820997 
0.861386 1.063934 0.837060 0.936289 1.253576 1.040435 
0.850885 1.088341 0.802410 0.897300 1.248255 1.233336 1.242601 0.894624 0.925909 1.246038 0.868857 0.903564 0.854662 
0.874770 1.038020 0.822439 0.913770 1.252900 0.833489 0.979574 
0.876128 1.248765 0.835284 1.127390 0.921625 0.998084 
0.846450 1.246769 0.809990 1.056554 0.926215 1.191899 1.257436 0.821217 
0.852295 1.243993 0.812859 1.092138 0.899286 1.237788 1.168296 0.845030 1.119643 
1.075677 0.816574 0.799074 1.184126 0.889565 1.179518 
0.885842 0.808045 0.815856 1.203151 1.150870 1.043623 
1.213690 0.803522 0.822440 1.021992 1.216931 0.870881 1.151284 1.213368 0.961810 0.803215 1.033244 1.111344 1.173608 1.211755 
1.237503 0.805517 0.845280 1.059871 0.880946 
1.226302 0.807040 0.835728 1.063945 1.238660 0.873723 1.179526 1.074822 1.209690 1.048822 1.177818 
1.226938 0.801165 0.809258 1.196342 1.066099 0.887083 1.121762 1.030026 1.185953 1.219693 1.189127 1.100440 
1.249598 0.806679 0.822722 1.219965 1.020029 0.874933 1.221061 1.217801 1.204998 1.200960 0.881396 
1.190890 0.927825 0.824661 0.948607 1.056802 0.868058 1.211626 1.215370 1.026475 
1.015808 0.817409 0.840865 0.905757 1.200476 0.877730 1.250046 1.141267 1.095305 1.211688 1.053550 1.234506 0.822776 
1.187998 0.797890 0.831668 1.080296 0.863000 1.030680 0.866728 1.209402 1.217249 0.826586 1.219295 
1.070352 0.806510 0.836010 1.205083 0.888059 1.235476 0.924390 1.072537 
1.256423 0.802381 1.223493 0.833063 0.881164 0.929172 1.209060 1.001045 1.165363 1.245864 1.037683 1.063411 0.816239 0.928070 
0.831474 0.806318 1.218872 0.959222 1.210298 0.794599 1.237149 1.161903 1.253043 1.229854 1.233510 0.873172 1.052396 1.184308 1.170495 
0.958022 0.832215 1.195872 0.918652 0.840197 1.203406 1.109802 1.215983 1.253374 1.221990 1.118212 1.204555 
1.052186 1.209371 1.114435 1.237253 0.799930 0.837138 1.015748 0.832019 1.139457 1.224232 0.842688 0.920878 1.175943 1.237341 1.224393 
0.820909 1.255029 0.871629 1.239672 0.995399 1.008270 0.873553 1.223216 1.209127 1.044716 
0.828190 1.257613 0.959101 1.247587 1.229692 1.026446 1.199959 1.200178 0.835486 1.111318 0.795526 0.870722 0.965213 1.012670 0.991891 0.845130 
0.803661 1.218060 0.908913 1.247587 0.853630 0.990182 0.908685 1.238089 1.249220 1.029785 
0.803309 1.032708 0.908165 0.849029 1.228869 1.234289 1.233040 1.238308 0.842445 0.987177 
0.857021 1.056640 0.829682 1.258465 1.204348 0.928610 0.976935 1.246148 1.223247 1.241996 1.256495 1.211272 1.074411 1.239700 
0.861658 1.219652 1.240388 1.258465 1.254451 0.938602 1.041035 1.170545 0.981774 0.847808 1.224520 0.915385 1.030341 1.197651 0.814925 1.170248 0.909896 0.841215 1.058996 0.865009 1.091151 1.132929 
0.809518 0.928346 0.847363 0.941606 1.254451 1.241321 1.043233 0.822507 1.250694 
0.795276 0.903304 0.834401 1.246400 1.254451 1.130510 1.057714 0.822212 1.188533 1.103368 1.240133 0.931248 1.034294 1.116969 1.077828 1.008054 
0.824358 1.235410 0.894748 1.202322 1.247388 0.839033 1.077717 1.124449 1.085440 1.240133 0.838708 0.856085 0.963134 1.245532 1.223596 
0.797629 0.922467 1.246433 0.873821 1.064103 0.950591 1.238930 0.913856 
0.810537 1.240520 1.033847 0.864275 1.257845 0.889254 0.989337 1.233502 0.858548 
1.235120 1.245868 0.916412 0.827971 0.854181 1.256528 0.900669 1.253099 0.818451 1.124131 1.096056 1.209408 
1.096641 1.254077 1.251916 0.805313 0.856814 0.912605 1.157969 
1.074073 0.939760 1.246455 0.820800 0.834401 
1.039952 1.230968 0.918601 0.840649 0.963213 0.833821 1.233144 
1.020729 0.902897 0.902006 0.800996 1.179665 0.826414 1.224506 1.189664 0.830007 1.198742 1.067130 
1.068617 0.804955 0.875565 0.807811 1.118667 1.193494 1.029322 1.097200 1.013359 1.064354 0.903547 1.184011 
0.797882 0.825952 0.912418 1.213384 1.234887 1.207644 1.195323 1.031907 1.210618 
0.797882 1.228841 1.212275 0.889992 1.197052 1.127334 1.001319 0.842680 1.155839 1.212855 0.903338 
0.801673 1.163926 1.006538 0.880472 0.812612 1.194779 1.015232 1.190030 1.061313 0.965538 
0.811148 1.216140 1.030192 0.879062 0.815272 0.886452 0.949325 1.210159 1.219354 1.176189 
0.800664 1.206485 1.137945 0.898609 1.009112 0.820525 1.219250 1.192176 1.248508 1.033180 0.940721 1.229882 0.916196 
0.801858 1.186990 1.209243 0.905313 1.026066 0.825341 1.246127 1.207574 0.878986 1.217724 0.959006 0.931032 
1.088734 1.176691 1.240694 0.903343 1.076512 0.837831 1.257375 1.202894 0.829506 1.082229 0.851871 0.903926 
0.923907 0.812586 1.224783 0.886610 1.214455 0.832455 1.095047 1.209059 0.970735 0.828739 1.243110 
1.075011 0.800165 0.962770 0.901897 0.811216 0.837302 1.248689 1.236346 
1.196429 0.809447 0.822940 0.880617 1.036918 1.210649 1.218155 1.228799 1.249174 1.033603 0.909957 
0.814258 1.230615 0.826139 1.217232 1.070903 0.914527 
0.807765 1.233077 0.900380 0.837664 1.019011 0.921192 1.186690 1.232484 1.235689 1.058938 0.985757 1.179182 1.142065 
0.947176 1.242990 1.079969 0.853831 1.240660 0.812943 
1.112719 0.947189 0.968145 0.846569 1.251692 0.826126 
1.081655 0.899502 1.239905 0.844840 0.834773 0.853905 0.961880 1.232875 1.231681 1.087877 
0.915874 1.256823 0.814534 1.036328 0.851237 0.872007 1.245799 1.194599 1.012178 0.889492 0.831342 1.208043 1.224566 1.225452 
0.933629 1.037194 0.801974 1.258282 0.852142 1.244632 0.823611 1.243058 1.172758 0.821416 1.230807 
0.930957 1.080950 0.818348 1.225867 0.855778 1.235981 1.003216 
0.949051 1.247761 0.798335 1.090653 0.842669 0.875704 1.248143 1.225927 
0.838920 0.908822 1.229758 1.032422 0.800739 0.833479 0.938885 
0.798904 0.905214 1.245579 1.021847 0.959651 0.836391 1.229919 1.097343 
0.800677 0.890277 1.232913 1.082338 1.202523 0.832594 0.949957 
0.827648 0.901967 1.208067 1.042522 0.828245 1.122449 1.198978 0.827764 1.254515 0.809467 0.842648 0.967095 0.910823 1.059776 
0.804607 0.865784 1.224019 1.009537 0.902977 1.222284 0.840809 1.255927 1.254495 
0.896984 1.232769 0.919791 0.971506 1.144455 1.181243 0.845965 0.807677 1.236999 1.083014 1.040479 
0.873153 1.237955 0.810073 1.037104 0.828487 1.217426 1.228847 
1.258393 1.217362 1.011628 0.833836 0.906622 0.797542 1.198735 0.916073 1.045639 
1.219246 1.193411 0.796959 0.823827 0.897461 0.810714 1.049987 1.169212 1.019736 1.145733 0.820881 1.160585 1.215732 1.052879 
1.183153 1.213140 1.219725 0.811054 0.892092 0.812060 1.239656 0.984924 1.155353 0.996839 1.225981 1.004892 0.805076 0.881383 1.244857 1.060085 
1.172631 1.174257 0.942646 0.808975 0.862027 0.987381 1.159439 0.857030 0.855987 
0.796286 1.008143 1.176862 1.122445 0.847245 0.802796 1.148248 1.120138 1.170689 
1.066600 1.042084 1.030222 0.841614 0.896958 0.803207 0.962160 0.807901 1.186335 1.213573 1.185094 1.180552 
0.801527 0.962954 1.173977 0.800699 0.845791 1.142108 1.173877 1.257403 0.983612 0.853348 
0.813596 1.157342 1.166181 0.795882 0.840985 0.794767 0.983990 0.967361 0.948794 0.864303 
1.181870 1.186689 1.189042 0.810288 0.852826 0.880725 1.132841 1.208168 1.192979 1.202707 1.071598 
0.827860 1.054927 1.192807 0.814298 0.920039 1.193544 1.162965 1.164310 1.028321 
0.803571 1.041981 1.194249 0.891194 1.228717 0.838796 1.171897 1.214438 0.820109 1.196097 1.112177 
0.812883 1.054025 1.217327 0.866874 1.193164 
0.829682 1.053955 1.220592 0.891835 1.226867 1.234866 0.820628 
0.826470 1.023410 1.229265 0.891695 1.226399 1.188384 
0.803494 0.956986 1.181351 0.893742 1.205927 1.178946 1.204075 1.152566 
0.804307 0.925653 1.172894 0.873501 1.150649 1.226580 1.198958 1.180846 1.045502 0.891167 1.071681 
0.811517 1.037988 1.213049 0.850246 1.246548 0.996438 1.077706 1.188039 1.179967 0.862890 1.179105 1.043921 1.031971 
0.795706 1.147880 1.156133 1.017214 1.209276 1.188102 
1.153271 1.182810 1.186358 1.012270 1.175069 0.800111 1.176146 0.834687 1.017292 0.842615 
0.846044 1.141104 1.163836 1.192018 1.134167 0.800111 0.999191 1.176143 1.192612 0.798057 
0.796145 0.985988 1.165876 1.075312 0.884649 1.195578 0.995731 1.156528 
0.795639 1.146715 1.018889 1.155960 1.076322 1.214050 1.128142 1.167332 1.197175 0.928802 0.982494 
0.795639 1.195193 0.828683 1.165780 1.174994 1.011818 
0.797835 1.169326 0.998314 
0.795515 1.147450 0.967550 1.180252 1.159183 0.847961 0.894643 
0.800019 1.150657 1.006885 1.155558 
0.848148 1.181465 0.987567 1.177448 1.045534 0.808111 1.168322 1.202590 0.849228 
0.799924 1.189383 0.943737 1.184543 1.151519 1.134211 1.015826 1.175603 
0.828951 1.197337 1.005792 0.842260 1.198728 0.841980 
1.175851 1.209171 1.055239 0.831206 1.207570 
0.822883 1.198081 1.013687 1.172349 1.034642 
0.818664 1.218103 0.977041 1.151374 0.910080 1.127760 0.938109 1.142834 0.845572 0.832876 
0.821801 1.200143 1.011973 0.888261 1.198770 1.195913 0.855844 1.189382 0.961808 1.193112 1.156031 0.889790 0.985024 0.976837 
0.863316 1.154917 0.970411 1.212095 1.043028 0.802866 1.253968 1.196596 0.944755 1.190624 1.150170 0.813458 
1.181409 1.191161 0.868798 0.802874 0.814987 0.968513 1.139880 1.182026 
1.163111 0.812312 1.013997 
1.075173 0.801004 1.010328 0.833571 1.182882 1.148837 1.181904 1.219909 1.051257 
0.853679 0.805356 1.049325 1.178281 1.174920 1.219481 0.900902 
1.185223 0.821210 1.012806 1.185742 0.858226 1.182764 0.819186 
1.187031 0.846484 1.228474 1.124565 1.242189 0.821019 0.894416 1.047012 0.801999 1.210354 1.058181 0.906513 1.224097 1.033762 
1.206739 0.830725 1.038796 1.143392 1.170585 0.810954 0.868772 1.139942 0.942990 1.222660 0.977955 1.089407 1.204361 0.838897 1.200577 0.854459 
1.193931 0.805057 1.170523 1.217221 1.063565 0.809683 0.867669 1.037234 0.947216 1.185343 0.865286 
0.987646 0.805774 1.154752 0.898184 1.131581 0.806696 1.091207 1.202197 1.228446 
1.003766 0.800723 1.182318 1.199491 1.176340 1.063478 0.911881 0.866519 1.150747 1.174392 0.797515 0.836849 
1.155504 0.796936 0.841991 0.896043 1.151827 1.005592 0.836916 
1.159183 0.795626 1.049094 0.851615 0.987533 1.216825 1.093836 1.144965 1.153018 0.950554 0.981906 0.825887 1.125773 1.003035 
1.181913 0.948736 1.086389 0.821259 1.206446 1.240496 0.814207 1.156599 0.799378 0.912324 1.063061 
1.136692 1.154461 0.862428 1.069727 1.151570 1.240650 0.806843 0.852039 0.807578 1.056801 1.014521 1.194427 1.037685 0.809827 0.814633 0.835009 1.050678 
0.851453 1.184423 1.142481 0.871614 1.166500 1.215290 0.807849 0.812860 0.799362 0.977012 0.845892 1.191605 1.172672 1.225757 
0.869121 0.800551 1.149158 1.172787 1.195330 1.220860 1.009541 0.807322 1.184128 1.233086 0.839859 0.826100 0.868570 1.063022 1.094529 1.227649 
0.866447 0.800481 0.867199 1.172787 0.823506 1.030231 1.166656 0.802922 0.859739 0.920522 0.967094 
0.858396 0.797858 1.166302 0.817850 1.016745 1.178869 1.184775 0.831955 1.135107 0.956799 1.161755 0.814282 
0.890959 0.829114 0.813370 1.204274 0.993212 0.968375 
0.904888 0.807379 0.823621 1.233913 1.089739 1.199758 0.826377 1.227380 1.178512 0.859593 0.933891 
0.921843 0.818129 0.831763 1.205598 1.027347 1.237023 0.915319 0.970275 1.234552 0.832278 1.043998 1.018313 0.837050 0.913370 0.981743 
1.208182 0.814448 0.858131 0.901564 1.034047 1.231317 1.121853 
1.254946 0.802048 0.840220 0.914713 1.047289 1.242295 1.257981 0.863050 1.114789 1.113747 
1.241283 0.826895 0.815019 0.884040 1.178035 1.192983 1.164738 1.232640 1.233133 1.034774 1.001122 0.900734 
0.797267 1.213337 0.826561 0.923122 1.065806 1.241102 
0.796423 0.814976 0.927389 0.867481 1.022853 1.204269 1.191206 1.040927 1.186526 1.198033 1.020202 1.187604 1.162061 
0.805343 0.812868 1.009157 0.869508 1.195518 1.187655 1.188952 1.177400 
0.796914 0.828209 1.063763 1.197102 1.178632 0.813985 
0.799196 0.826868 1.007685 1.006430 1.219645 0.871348 1.226004 1.193785 1.144557 0.826604 
0.834397 0.848215 1.084813 1.180423 1.238608 0.900577 1.108126 
1.253493 0.844709 0.817795 1.202455 1.208157 1.027043 0.893173 1.218356 0.882074 0.992557 1.085353 0.885246 1.231607 1.176530 1.209583 
1.223090 0.838497 0.805967 0.906936 1.062996 1.255165 0.870650 0.836399 1.037233 1.001322 1.255910 1.162031 0.804817 
0.982427 0.835967 0.829009 0.884258 1.020570 1.218854 1.206046 0.980123 1.106834 1.221789 0.914535 
1.225639 0.835410 0.803212 0.914186 1.233556 1.203359 1.034918 1.167149 0.923902 0.999854 1.055685 
0.840024 1.176576 0.794844 0.884071 1.232823 1.088388 1.169645 1.178653 0.828866 1.024643 1.027906 1.209334 0.823896 0.831980 1.009010 1.013768 
0.814636 1.170320 0.800034 0.865850 0.839650 1.034109 1.182845 1.149398 1.199676 0.988814 0.968917 1.186281 1.174163 0.963380 
0.810748 1.180685 0.796748 0.860554 0.998519 1.211702 0.999122 1.185831 1.111979 1.214000 1.197456 0.813077 1.216044 
0.829171 1.223209 0.796748 1.099619 0.971084 1.202728 1.132319 0.942411 0.984616 1.199857 1.219731 0.888951 1.156836 1.244849 0.837618 1.083459 1.133166 
0.829171 0.876351 1.188045 1.225374 0.929048 1.234089 0.881496 1.010023 0.800795 1.034571 1.252213 1.141468 1.014580 0.797284 1.243246 1.234310 1.210218 1.077923 
0.814083 0.892965 1.155673 1.023238 1.191984 0.891614 0.852894 0.808122 1.000500 0.810752 1.183410 1.205850 0.858267 
0.814083 0.871427 1.117822 1.028424 1.176111 1.197046 1.210602 0.797782 
0.829518 0.885434 0.797782 0.984504 1.215756 1.183394 1.205409 1.008256 
0.800416 1.164238 0.799870 1.003087 1.152555 1.194864 1.169817 0.866597 0.817154 1.173686 1.027811 1.217893 0.822224 
0.798875 1.185945 0.796394 0.811762 0.864851 1.253098 1.010658 1.203519 1.058411 1.064957 0.857909 1.142476 0.872070 0.875309 0.994855 1.065306 
0.806041 1.002727 0.858457 0.850469 0.874990 1.158168 0.819026 1.217620 0.908392 1.037990 1.206531 1.121254 1.157604 
0.795116 1.217714 1.235089 1.194336 0.896210 0.978980 0.811271 1.213876 0.982541 1.074096 1.213599 0.933985 1.011428 
0.801192 1.197659 1.034545 1.196607 1.210926 0.912536 0.825492 0.802510 
0.801192 1.204415 1.008143 0.830974 1.124422 0.886923 1.103229 1.179892 0.940376 0.849048 0.974345 0.977677 0.827626 
1.204797 0.837851 1.009082 0.806884 1.218077 0.873166 0.817496 0.898067 1.254635 1.249379 1.195355 1.013968 
1.226104 1.212816 1.207882 0.845217 0.859856 0.896085 0.806570 1.049638 0.832663 0.838764 1.111112 1.192898 1.224934 1.153042 1.038325 1.195628 
1.200805 1.068033 0.821246 0.810455 1.204401 0.853197 1.060980 1.222583 0.821815 1.186246 
0.859333 1.186052 1.052064 0.794706 0.815561 1.147241 
0.849246 0.944638 1.016112 0.794706 0.799184 1.150404 1.191043 1.168546 0.837867 0.824832 1.148701 1.217906 1.023266 1.178029 
0.856597 1.185716 0.951274 0.885324 0.797957 1.197348 1.170779 
0.806028 1.163931 0.974925 1.167881 0.906941 1.199624 0.802005 
0.981661 1.182302 0.820282 0.809266 0.913243 0.876793 1.017535 
1.027540 1.168524 0.804325 0.860090 1.206413 0.943829 1.125663 0.803266 1.159943 
1.021166 1.197579 0.799074 0.838348 1.171542 1.115322 1.201656 
1.005897 1.195487 0.815486 0.871734 1.167740 1.184519 0.910493 
1.059261 1.239372 0.833114 0.859119 0.913837 1.222885 1.243174 
1.059544 0.810234 0.828055 0.894436 1.226067 0.939771 1.233426 
1.158733 0.800693 0.804932 0.912304 1.213736 
1.001465 0.801227 0.813714 0.896275 1.183177 1.149011 0.997091 1.235733 1.090333 
1.186381 1.153061 0.809617 0.871199 1.233707 1.201476 1.161215 1.112300 1.168656 1.075917 1.135505 1.004556 0.812581 1.137980 1.229173 1.129168 
0.972731 0.795177 0.807102 0.853636 1.241219 1.096783 1.155856 1.182294 1.143614 0.910344 1.186549 
1.211573 0.795177 0.820228 0.851080 1.224666 1.058225 1.172735 
1.219488 1.217828 0.813771 0.870537 1.188695 1.104207 1.210309 1.215636 1.220520 1.107397 0.969944 1.048466 1.025111 1.156630 0.979490 1.182503 0.879334 
1.219584 1.034773 0.815064 0.868297 1.188567 1.212661 1.068256 0.806893 1.228178 0.971251 0.845888 
1.199024 1.002788 0.817888 1.181720 0.826070 1.038175 1.000487 1.185025 1.140515 
1.097448 1.032029 0.808744 1.156190 1.181264 1.140998 0.799359 0.888945 1.198190 0.981584 1.082290 
0.878991 0.998523 0.828229 0.798334 1.194641 1.225136 1.186633 1.237047 1.171651 0.801406 
0.880908 0.931286 0.827551 0.838653 1.217427 1.243181 0.912948 1.031824 1.045274 1.053739 
0.917900 1.089546 0.919470 0.809144 1.239642 1.217248 0.841401 1.111440 
0.940889 1.247752 0.832327 0.794579 1.231832 1.053876 1.207211 
0.887633 1.002455 0.831818 0.805189 1.208869 1.189266 1.221083 0.846067 1.167061 1.118087 1.195613 
1.193104 1.003303 0.810947 0.809342 0.884978 1.220181 1.200846 1.248077 1.202589 0.956316 1.056498 0.846050 0.841430 0.911226 1.207313 1.123984 1.038310 1.196168 1.232323 1.096337 
1.040791 0.848652 0.798407 1.185384 1.182175 0.796646 1.149219 
0.937761 0.811014 0.850412 1.243861 1.215243 0.805761 1.062418 0.806023 
0.900651 1.220181 0.842739 1.237581 1.059700 0.821046 1.239313 1.203330 1.034276 0.861593 0.948936 0.878786 0.833341 1.145435 
1.105998 1.214397 0.844206 1.230972 1.019645 0.803404 0.869786 1.204101 0.863158 0.892256 
0.875620 1.232185 0.834005 1.192532 0.900723 0.802931 1.089141 1.202718 1.061071 
0.888172 1.039777 0.841180 1.218004 1.028914 0.812474 1.244760 1.156954 1.206687 1.116099 1.178215 0.996087 1.048770 1.211083 1.046957 1.229204 
1.240739 0.815003 0.827540 1.066072 0.938619 1.223488 1.060982 0.958137 
1.144323 0.819628 1.230456 1.192604 0.914540 1.033263 0.848884 1.053265 1.062816 
1.234791 0.813863 0.805856 1.230412 0.903020 1.061741 0.842946 1.250239 1.244081 
0.801668 1.189303 1.172340 1.236469 0.891145 1.220119 1.045398 0.817845 0.910236 1.202210 0.817145 1.204166 1.057573 1.035593 
0.801668 1.220338 1.246977 1.155712 0.924135 1.181397 1.034395 0.839452 1.202721 1.132382 1.138113 1.094431 
0.846799 1.246347 1.248861 1.095553 0.918173 0.973531 1.256603 0.859223 1.238663 0.951046 1.234878 0.974623 0.860270 1.224339 0.828910 
0.809790 1.122133 1.248861 0.844865 0.890619 1.241106 1.035332 0.855107 1.105890 1.001849 1.100596 
1.166759 1.066726 0.824839 0.854246 0.900732 0.829304 1.239230 1.059547 1.218174 
1.250421 1.085457 0.812527 1.240547 0.914777 0.858750 1.016388 1.198319 1.185028 0.887376 
1.213564 1.098417 0.807544 1.253588 0.912142 0.852960 1.215582 
1.156167 1.191057 0.802857 1.031923 0.887864 0.823309 1.231027 1.222452 1.049443 0.857808 0.814446 0.822505 1.209019 1.147389 1.179894 
1.213072 0.820646 0.802673 1.112231 1.207603 0.889522 0.992980 1.228060 0.814167 1.059245 
0.832877 0.962126 0.805770 0.985905 1.179845 0.890189 1.006991 1.207405 0.870420 0.986964 1.209979 1.199207 0.880426 0.974046 
0.826714 1.177895 0.802215 1.028855 1.223258 0.894175 1.204204 
0.844104 0.886603 0.810822 1.027600 1.225945 
0.823129 0.875927 0.794710 1.210900 1.179592 0.835889 1.001792 1.201216 0.922933 0.852490 
0.817965 1.185047 0.795732 1.195895 0.996662 0.871917 1.216234 1.123096 1.170399 1.182692 1.116727 
0.821622 1.203953 0.797347 1.199438 1.020229 0.801928 1.179302 0.871618 
0.795812 0.911207 0.795326 1.206975 0.995095 1.185990 1.197225 0.984094 
0.829164 0.894245 0.815892 1.214576 1.017473 1.220513 1.221833 1.149551 
0.834885 0.894625 0.859268 1.223803 1.058376 1.232153 1.242971 1.199142 0.965005 
0.864960 0.920562 0.810554 1.249854 1.148443 1.252965 1.256689 0.817885 
0.865228 0.902799 0.815295 0.884661 1.222820 1.069104 1.242809 1.246022 0.869298 1.172600 0.803211 1.101675 1.077562 1.202109 
0.844580 0.892503 0.796891 1.215051 1.063210 1.065796 1.243623 1.245119 1.210709 0.878970 0.957168 0.946366 
0.970768 0.868040 0.828352 0.800706 1.034428 0.977465 1.186352 1.117822 1.216984 1.180344 1.242971 0.892447 1.059421 0.952305 1.173142 
1.095262 0.850655 0.812762 1.220894 1.190794 0.883107 
0.989203 0.885891 0.832753 1.250072 1.137990 1.201680 1.164000 0.843295 1.114769 
1.233803 0.877425 0.816638 1.008443 1.224631 1.180136 0.828286 1.202330 1.147516 1.129889 1.098821 1.243654 0.811129 1.090060 0.876320 0.865700 1.040530 0.878879 1.004682 0.827594 
0.801924 0.851027 0.910855 0.799148 0.957043 1.211424 1.146003 1.202330 0.825967 1.048495 1.189807 1.032059 
0.801924 0.859769 1.201341 1.040666 1.138784 1.211360 0.815967 0.814589 1.149460 0.800200 1.209908 1.126263 
0.826256 0.870808 0.802387 1.079488 0.990017 1.209522 0.840624 1.122016 
0.946406 0.881464 1.183602 0.808163 1.013344 1.154848 1.222415 1.180890 0.797178 0.989342 1.085293 1.057510 1.078003 1.001325 
1.222390 0.886413 0.993685 0.827355 1.018767 0.797178 1.201904 1.185490 0.958247 1.175960 1.140557 
1.198747 0.906986 1.179053 1.235912 1.250199 0.806817 1.030189 1.178374 0.843940 1.225839 1.240828 0.940519 0.803996 1.087986 0.898902 1.233209 0.998103 1.199623 0.910200 
0.909803 0.870409 1.233839 1.232794 1.018554 0.821089 1.237571 0.823597 0.832517 1.244522 1.094868 0.905020 1.236790 
0.932596 1.257894 0.843969 0.857364 1.069188 1.249435 1.113749 1.221539 0.882945 0.800440 
0.904338 1.237272 0.820342 1.070903 0.846564 1.245660 0.833726 1.255174 1.093718 
0.882568 1.213208 0.810733 1.055081 0.859744 1.252662 1.032172 1.233461 1.223584 1.229097 1.045757 1.049695 
0.889473 1.241282 1.246357 1.028875 0.851851 0.807449 0.870914 0.899232 1.227798 
0.911789 1.234351 1.238135 0.888063 0.838120 0.821387 1.236642 1.256189 1.165223 1.080277 1.029951 
1.027326 0.904460 0.828105 0.803573 1.218074 1.090508 1.183386 1.213158 1.232406 0.978422 1.096483 0.835405 
0.900515 0.890440 0.831325 0.822920 1.119946 0.982748 1.214159 1.165386 1.241352 0.949896 0.894336 0.922086 1.226988 1.213499 0.858719 1.112528 0.879293 
1.026573 0.890440 0.832944 1.251084 1.220355 1.058469 1.207882 0.905059 
1.180421 0.911680 1.231126 0.823974 1.073453 1.213598 0.845983 1.246859 0.976282 0.851252 
