0.000000 0.086205
0.000000 0.060452
0.000000 0.034771
0.000000 0.029446
0.000000 0.058414
0.000000 0.033157
0.000000 0.031410
0.000000 0.062734
0.000000 0.080886
0.000000 0.048485
0.000000 0.136781
0.000000 0.039588
0.000000 0.043493
0.000000 0.201580
0.000000 0.070513
0.000000 0.069794
0.000000 0.038509
0.000000 0.052320
0.000000 0.114064
0.000000 0.026576
0.000000 0.041326
0.000000 0.125336
0.000000 0.116450
0.000000 0.067317
0.000000 0.053528
0.000000 0.091656
0.000000 0.209600
0.000000 0.036002
0.000000 0.124657
0.000000 0.084371
0.000000 0.072952
0.000000 0.086280
0.000000 0.035577
0.000000 0.137171
0.000000 0.040833
0.000000 0.044817
0.000000 0.033399
0.000000 0.141705
0.000000 0.045928
0.000000 0.040809
0.000000 0.031779
0.000000 0.053179
0.000000 0.190806
0.000000 0.148711
0.000000 0.106584
0.000000 0.081176
0.000000 0.068740
0.000000 0.123499
0.000000 0.021141
0.000000 0.042361
0.000000 0.207176
0.000000 0.039260
0.000000 0.084879
0.000000 0.054370
0.000000 0.043591
0.000000 0.036033
0.000000 0.033627
0.000000 0.024408
0.000000 0.034560
0.000000 0.170730
0.000000 0.291683
0.000000 0.073542
0.000000 0.026122
0.000000 0.384747
0.000000 0.029444
0.000000 0.087432
0.000000 0.051135
0.000000 0.024728
0.000000 0.042336
0.000000 0.034226
0.000000 0.089210
0.000000 0.123451
0.000000 0.129155
0.000000 0.079514
0.000000 0.053889
0.000000 0.048489
0.000000 0.135223
0.000000 0.042789
0.000000 0.072250
0.000000 0.047139
0.000000 0.026851
0.000000 0.057118
0.000000 0.120677
0.000000 0.333380
0.000000 0.082195
0.000000 0.056855
0.000000 0.043116
0.000000 0.091745
0.000000 0.059796
0.000000 0.066251
0.000000 0.038841
0.000000 0.037657
0.000000 0.057870
0.000000 0.033691
0.000000 0.040963
0.000000 0.057114
0.000000 0.066497
0.000000 0.039166
0.000000 0.038107
0.000000 0.041960
0.000000 0.033998
0.000000 0.030782
0.000000 0.019251
0.000000 0.071099
0.000000 0.026717
0.000000 0.030563
0.000000 0.091933
0.000000 0.029849
0.000000 0.093211
0.000000 0.040654
0.000000 0.083161
0.000000 0.099968
0.000000 0.068745
0.000000 0.074125
0.000000 0.128754
0.000000 0.040577
0.000000 0.132430
0.000000 0.093957
0.000000 0.035558
0.000000 0.058786
0.000000 0.049127
0.000000 0.046485
0.000000 0.108790
0.000000 0.040198
0.000000 0.117119
0.000000 0.049846
0.000000 0.105818
0.000000 0.048896
0.000000 0.038487
0.000000 0.039029
0.000000 0.099216
0.000000 0.120250
0.000000 0.051983
0.000000 0.093868
0.000000 0.038688
0.000000 0.078795
0.000000 0.046988
0.000000 0.079620
0.000000 0.039721
0.000000 0.111190
0.000000 0.024796
0.000000 0.043300
0.000000 0.028105
0.000000 0.057968
0.000000 0.108066
0.000000 0.067992
0.000000 0.052013
0.000000 0.049988
0.000000 0.060933
0.000000 0.167251
0.000000 0.037823
0.000000 0.084274
0.000000 0.076596
0.000000 0.128724
0.000000 0.057245
0.000000 0.090850
0.000000 0.037448
0.000000 0.102720
0.000000 0.025805
0.000000 0.054032
0.000000 0.043077
0.000000 0.054366
0.000000 0.060349
0.000000 1.159851
0.000000 0.042998
0.000000 0.317909
0.000000 0.048496
0.000000 0.153792
0.000000 0.124133
0.000000 0.123216
0.000000 0.288552
0.000000 0.062785
0.000000 0.044104
0.000000 0.094278
0.000000 0.038879
0.000000 0.996357
0.000000 0.115001
0.000000 0.028735
0.000000 0.127548
0.000000 0.037785
0.000000 0.042249
0.000000 0.052930
0.000000 0.048665
0.000000 0.062267
0.000000 0.088770
0.000000 0.022027
0.000000 0.060134
0.000000 0.031757
0.000000 0.047111
0.000000 0.040751
0.000000 0.031637
0.000000 0.030626
0.000000 0.069068
0.000000 0.053608
0.000000 0.043854
0.000000 0.100192
0.000000 0.030352
0.000000 0.059055
0.000000 0.844715
0.000000 0.048831
0.000000 0.140867
0.000000 0.100729
0.000000 0.059988
0.000000 0.092087
0.000000 0.052119
0.000000 0.092749
0.000000 0.038057
0.000000 0.073733
0.000000 0.058936
0.000000 0.047297
0.000000 0.029779
0.000000 0.025996
0.000000 0.035273
0.000000 0.039092
0.000000 0.161093
0.000000 0.064797
0.000000 0.117720
0.000000 0.035123
0.000000 0.049547
0.000000 0.032525
0.000000 0.174552
0.000000 0.058881
0.000000 0.200269
0.000000 0.063604
0.000000 0.083260
0.000000 0.040231
0.000000 0.069517
0.000000 0.296000
0.000000 0.193284
0.000000 0.116084
0.000000 0.040588
0.000000 0.043643
0.000000 0.045389
0.000000 0.063672
0.000000 0.199936
0.000000 0.099739
0.000000 0.049791
0.000000 0.075434
0.000000 0.031089
0.000000 0.049954
0.000000 0.046495
0.000000 0.055674
0.000000 0.039663
0.000000 0.024265
0.000000 0.104488
0.000000 0.027494
0.000000 0.140789
0.000000 0.091710
0.000000 0.027628
0.000000 0.031480
0.000000 0.141963
0.000000 0.118203
0.000000 0.039937
0.000000 0.048534
0.000000 0.072436
0.000000 0.068581
0.000000 0.105584
0.000000 0.113770
0.000000 0.319872
0.000000 0.036354
0.000000 0.052689
0.000000 0.039110
0.000000 0.241485
0.000000 0.076430
0.000000 0.108983
0.000000 0.096225
0.000000 0.039449
0.000000 0.046313
0.000000 0.028013
0.000000 0.084450
0.000000 0.070995
0.000000 0.037002
0.000000 0.056583
0.000000 0.056389
0.000000 0.041508
0.000000 0.048260
0.000000 0.056121
0.000000 0.054917
0.000000 0.019941
0.000000 0.046694
0.000000 0.044266
0.000000 0.063440
0.000000 0.055871
0.000000 0.023519
0.000000 0.098657
0.000000 0.074798
0.000000 0.058952
0.000000 0.019425
0.000000 0.054811
0.000000 0.039555
0.000000 0.050591
0.000000 0.061364
0.000000 0.067089
0.000000 0.065878
0.000000 0.039053
0.000000 0.105551
0.000000 0.056407
0.000000 0.032505
0.000000 0.036467
0.000000 0.054265
