   0.029614 1454.728857
   0.029748 1470.054402
   0.029928 1489.886963
   0.030616 1402.618097
   0.030169 1450.946541
   0.030508 1541.071670
   0.030232 1491.295440
   0.030463 1456.278832
   0.030593 1462.743351
   0.030741 1443.918980
   0.031142 1461.488767
   0.030735 1475.521169
   0.030801 1506.742558
   0.030199 1476.708405
   0.029953 1410.380261
   0.029677 1446.613380
   0.029662 1517.758876
   0.030216 1481.298070
   0.030426 1473.128207
   0.030435 1516.719673
   0.031654 1499.999822
   0.031244 1458.348790
   0.031736 1523.637677
   0.031697 1501.636472
   0.031393 1528.966792
   0.031931 1489.722580
   0.030952 1504.322275
   0.030731 1480.409642
   0.030296 1471.045816
   0.031029 1505.781310
   0.031139 1448.658183
   0.031485 1477.535468
   0.030471 1487.940633
   0.030548 1464.362378
   0.030353 1476.778846
   0.030496 1543.527565
   0.030587 1450.268829
   0.030748 1512.514879
   0.030252 1441.270783
   0.031033 1514.423945
   0.031035 1478.511379
   0.030690 1494.766336
   0.029855 1453.260355
   0.030107 1444.424026
   0.030489 1482.821337
   0.029551 1478.773617
   0.029802 1476.206614
   0.030243 1476.127431
   0.030465 1538.118763
   0.030605 1459.343944
   0.030772 1491.572403
   0.029831 1514.072520
   0.030207 1498.614889
   0.030219 1477.597831
   0.030846 1472.657263
   0.030511 1486.289404
   0.029668 1572.737910
   0.030346 1433.289526
   0.030079 1490.561001
   0.030261 1454.635621
   0.030130 1428.843999
   0.029839 1459.058827
   0.031659 1453.539001
   0.031942 1524.103029
   0.031217 1503.331116
   0.031066 1531.302833
   0.030222 1512.981628
   0.030011 1445.995558
   0.029676 1514.067043
   0.030273 1483.965876
   0.030285 1492.823801
   0.030295 1537.114403
   0.030169 1441.682359
   0.030227 1472.451711
   0.030309 1481.499369
   0.029712 1461.613809
   0.029518 1496.206343
   0.029978 1518.177978
   0.029571 1531.430209
   0.029584 1466.557131
   0.029692 1485.103467
   0.030276 1485.572584
   0.031137 1545.271981
   0.031125 1465.315946
   0.030612 1490.840890
   0.030294 1463.051401
   0.030793 1508.167263
   0.030942 1539.879398
   0.030992 1457.828604
   0.030613 1517.193976
   0.030303 1512.376351
   0.030547 1468.800754
   0.030308 1500.252382
   0.030463 1462.940081
   0.030674 1493.641937
   0.030380 1481.105732
   0.030371 1524.612122
   0.030482 1495.480751
   0.030633 1506.778089
   0.029989 1559.026716
   0.030143 1522.638097
   0.030060 1518.770273
   0.030143 1482.095012
   0.029915 1468.473932
   0.030416 1489.528811
   0.030068 1463.914728
   0.029870 1483.838005
   0.029738 1494.654907
   0.029652 1427.590371
   0.029483 1461.843940
   0.030084 1498.237992
   0.030506 1545.424575
   0.030617 1469.357303
   0.031268 1560.474900
   0.030868 1488.337139
   0.030415 1465.916092
   0.031471 1461.798691
   0.030956 1498.490745
   0.030810 1439.734101
   0.030769 1530.584946
   0.030324 1466.591062
   0.030632 1450.550703
   0.030282 1452.442410
   0.030824 1526.314637
   0.030407 1504.242196
   0.030414 1499.773686
   0.029754 1462.938685
   0.029619 1506.573875
   0.029824 1478.039144
   0.030020 1465.829260
   0.029884 1459.583284
   0.029619 1509.959066
   0.029778 1508.268600
   0.030540 1448.508609
   0.030280 1460.289059
   0.030279 1506.522032
   0.030899 1523.084021
   0.030436 1502.283489
   0.030269 1497.827561
   0.030372 1455.443429
   0.030705 1531.507593
   0.030845 1512.305550
   0.031006 1496.372599
   0.031656 1487.831677
   0.031982 1527.465442
   0.031545 1512.954184
   0.031726 1526.555613
   0.031869 1532.340305
   0.031414 1489.581358
   0.031209 1460.370878
   0.030844 1462.907067
   0.030831 1443.853737
   0.030175 1494.805644
   0.030663 1437.175924
   0.031354 1457.277380
   0.031193 1489.671404
   0.031278 1471.489790
   0.031964 1460.514969
   0.031904 1462.215883
   0.031849 1506.061112
   0.032125 1480.398542
   0.032140 1495.784439
   0.031847 1516.182017
   0.031643 1469.828103
   0.031814 1458.771031
   0.032165 1504.442169
   0.031697 1605.946011
   0.031481 1387.261016
   0.030940 1468.958146
   0.030497 1566.885580
   0.031056 1503.965646
   0.031646 1459.818333
   0.031191 1487.152552
   0.031261 1442.047858
   0.031347 1451.404792
   0.031876 1546.008080
   0.031336 1543.992790
   0.031202 1487.677264
   0.030953 1464.851192
   0.030447 1466.165974
   0.030817 1515.595625
   0.031833 1450.829949
   0.031921 1455.746849
   0.031614 1513.105580
   0.031971 1546.483302
   0.031947 1502.350324
   0.031281 1483.032526
   0.031934 1439.055263
   0.031428 1497.270234
   0.031716 1500.437702
   0.031211 1447.850621
   0.031327 1534.212829
   0.030967 1436.581829
   0.030678 1523.591913
   0.030774 1510.486384
   0.029929 1437.587230
   0.029772 1505.157925
   0.030965 1466.968890
   0.030285 1448.821985
   0.031004 1486.572357
   0.031184 1486.268012
   0.031147 1512.985938
   0.030570 1469.607236
   0.030007 1534.918448
   0.030303 1468.117760
   0.030145 1507.434048
   0.030449 1520.727696
   0.030645 1477.884752
   0.030728 1485.454756
   0.031201 1497.588792
   0.031064 1463.441301
   0.030958 1446.233792
   0.030578 1470.221931
   0.031263 1491.827450
   0.030949 1466.329355
   0.031007 1494.249758
   0.031393 1469.796045
   0.031116 1508.721722
   0.030286 1430.217452
   0.030688 1489.876278
   0.031087 1472.123934
   0.030970 1459.652525
   0.031207 1486.650195
   0.030416 1396.831376
   0.031019 1502.219310
   0.031316 1468.967257
   0.031608 1528.270317
   0.031409 1516.562435
   0.031532 1502.761817
   0.031243 1479.235768
   0.031539 1516.497304
   0.031194 1488.936032
   0.031333 1542.033816
   0.029889 1449.208368
   0.030305 1559.130179
   0.030516 1449.917930
   0.031359 1517.047896
   0.031566 1485.311059
   0.031605 1511.338519
   0.030900 1499.829986
   0.030711 1524.886313
   0.030564 1514.329576
   0.031301 1517.689811
   0.031782 1485.107975
   0.031054 1544.995439
   0.030574 1509.349148
   0.030098 1464.168870
   0.030410 1515.630019
   0.030727 1464.779707
   0.030890 1494.163539
   0.031670 1466.081871
   0.030002 1542.158298
   0.030649 1422.867537
   0.030709 1506.542293
   0.030618 1481.443461
   0.030719 1421.679927
   0.030189 1506.624711
   0.030306 1451.017264
   0.030105 1508.534238
   0.030484 1510.635454
   0.030449 1544.183664
   0.029667 1496.257292
   0.029849 1516.920618
   0.030010 1437.316577
   0.030018 1471.844767
   0.030152 1531.507927
   0.030668 1462.336686
   0.030983 1498.480573
   0.030752 1454.988451
   0.030857 1407.055331
   0.030542 1564.659942
   0.031295 1488.148465
   0.031451 1505.796812
   0.031183 1495.184158
   0.031133 1447.640698
   0.030329 1541.841682
   0.029881 1508.153213
   0.029519 1452.681025
   0.029997 1535.543824
   0.029999 1487.089818
   0.030737 1499.485758
   0.030608 1452.160700
   0.030949 1513.945744
   0.030708 1521.401787
   0.031051 1427.951795
   0.031263 1509.646225
   0.030951 1458.196432
   0.031492 1525.536940
   0.030974 1410.491981
   0.030337 1472.134689
   0.030037 1450.241454
   0.029529 1526.910928
   0.029768 1454.751641
   0.030263 1523.440712
   0.029960 1416.687241
   0.030214 1538.384235
   0.030700 1474.891723
   0.030616 1465.696822
   0.030266 1497.913914
   0.030298 1460.765905
