-3.510823 0.474897 -3.669306 5.496340 -8.429191 -9.071229 7.463837 
-1.385355 0.813679 6.464955 5.437711 -12.214469 4.896883 6.516661 -8.763903 
1.421749 3.522066 4.953172 4.619467 -13.280626 -10.264734 -23.175071 -13.553389 3.976567 -10.385045 -11.215149 -3.608951 
3.419860 1.705751 4.948394 -6.788781 -0.030960 -0.880499 -2.338185 0.409639 -17.951438 -19.729483 -11.195427 -19.377180 -1.091076 -0.464892 -7.284492 -23.627427 
4.168780 -1.206734 8.940709 2.137257 -12.101358 -5.156849 -4.780842 -6.008999 
0.694570 -1.062755 8.894255 -0.610986 -11.705861 -15.549064 -2.866461 6.048804 4.792728 1.894687 -3.050823 
2.415941 -8.097101 7.386064 4.169035 1.083789 -5.057304 -11.177669 -6.092959 -0.900029 -13.508742 7.759386 -9.706915 
-5.740580 3.695612 6.911267 -13.420757 1.330438 -0.861714 -14.527068 -7.613495 -6.061171 -9.978732 
4.834588 -18.094020 6.748699 -11.220945 5.113210 1.014107 -13.832592 -14.225030 2.549849 
5.924382 -12.031663 5.065756 -4.701281 5.220910 -2.859003 -21.414350 -3.358860 -17.267146 -10.432897 
5.924382 -5.145578 -26.702278 -0.114344 5.312069 -19.083679 
5.942532 -0.913649 -14.762625 0.773723 -18.216079 
5.436903 -13.518089 0.217303 0.957324 6.157144 -16.143415 -4.140178 -0.499908 
4.282965 -15.762773 -0.179941 1.587008 6.486524 -16.684815 7.163177 -22.829608 
-8.482578 -2.263460 0.488331 4.449818 5.503691 -7.396493 -21.047502 -0.347880 -9.275453 
-6.562493 -6.530758 -1.248709 6.993541 6.024780 -0.083117 -2.621607 4.151694 -13.459055 -12.408891 -20.656614 
-15.591146 -0.960754 -0.597037 -8.923827 6.373350 4.075428 -15.447543 1.380707 -8.154838 
1.217269 -22.643095 -2.291993 1.446548 4.499199 0.257083 -22.946646 -14.377495 -9.707960 1.643335 -0.113857 -1.160492 5.823389 
-0.645281 -1.453173 -13.658840 0.357778 4.499199 -26.977197 -7.979009 -2.887246 2.417345 
3.297133 4.639504 -5.604449 2.041264 6.528374 -0.367897 -6.842551 7.413515 -13.755799 5.659678 -4.855443 
-3.284979 0.077303 -0.767664 -13.352991 5.179908 -3.161950 -12.505115 
0.553578 -20.233865 -3.531694 -7.694013 -15.688594 -8.563127 -14.529791 -7.829754 
2.452670 -0.814668 -1.197495 -11.473075 -11.557732 -21.464758 7.435802 -19.443962 -14.747832 -20.325961 -12.788316 7.865063 -18.358355 
-9.744587 -10.174814 -10.926685 1.070102 3.587496 2.210227 1.170655 -17.805074 -12.285030 -5.627360 -20.411582 0.129421 -9.263064 -6.652263 
-2.533471 -1.139322 5.058203 2.519368 4.343560 -17.437004 -11.348853 -4.026027 -13.791395 -12.948207 -25.536053 -9.564666 7.023217 4.978259 
0.698175 -4.927018 4.687982 -13.571765 
-1.463967 -13.292951 5.534949 -21.391616 -1.503891 
-5.913345 -10.965297 5.782394 -9.924389 -12.771758 -4.187031 -3.345931 -8.613320 -23.940436 -4.755354 -5.621193 
-6.323377 -16.261303 5.782394 -8.479697 -10.454372 0.952244 
-5.742327 -10.801084 3.272527 -12.701529 1.097444 -14.461732 -19.482803 2.908412 
-5.307468 1.608147 3.272527 -24.779155 -6.752711 -17.585369 -17.288154 -6.523078 -14.928943 
-5.569457 -9.917459 4.827102 -20.432352 -16.697915 -14.713678 -10.854516 4.438913 -8.339595 
-4.306657 2.713337 2.437290 -18.299759 -17.404305 -8.984938 -20.622808 -14.298503 -3.789599 
-16.953412 1.217035 3.981428 2.597924 -17.243551 -4.245454 2.883926 
-0.949736 -7.792429 0.803936 0.562761 -9.094751 1.827071 -15.355913 -12.563594 -12.514893 -6.174282 -5.636677 
-0.703392 -8.926902 0.044095 -19.962987 -4.384743 -15.511717 -18.879622 -6.265552 -2.632482 -3.555827 3.117050 
-0.395522 -16.447156 -0.662895 -24.559644 -11.570180 1.456557 3.789982 -20.796220 -25.702336 
-8.538222 -10.415170 1.881442 -21.469058 0.015517 2.191184 -3.575961 3.801987 -7.728609 
-6.229218 -18.194748 -13.829364 -16.095370 -1.967586 3.916874 -1.806400 -2.505148 -7.113459 -0.606888 -5.775610 -5.358843 -10.242311 
2.037272 2.141219 -1.806400 -7.514661 -7.604460 3.916874 -6.011860 -8.401729 
2.757934 -3.890563 -3.764012 2.054226 -10.947312 3.647004 -17.653198 -2.219288 -10.739509 
2.742705 -8.874189 -3.971703 0.561435 -7.390020 3.154220 -9.743243 -16.587642 -2.599668 -11.678320 -19.387872 -11.083577 -6.126196 
-0.605660 -10.133258 1.161373 2.006003 -2.765752 -1.393254 
-3.428692 -11.804124 1.404905 2.085842 -4.490231 -22.446871 -5.517850 -3.515531 
-3.346256 -10.152377 0.752869 -2.891660 -4.295896 -16.411139 -18.010142 -6.132733 -12.145458 
-3.027550 -11.064698 4.257542 -6.265971 -4.295896 
-3.582136 -9.011515 7.988660 -7.219469 -3.797173 -18.692065 -20.495614 -13.636215 3.166675 -12.172879 7.917124 -11.278190 
-1.662798 -10.723135 6.744612 -7.025424 6.960464 -0.691684 6.970966 
-1.622374 -5.728701 7.177670 0.254390 -3.650208 -4.660007 -12.356466 -13.304445 -8.118409 -13.225938 7.306164 -12.545858 -10.985704 
-0.839258 -18.851551 -0.472304 -10.617410 -5.837143 8.290137 -11.507385 -23.523910 
0.685437 -25.544964 -1.815869 -12.691036 -26.263754 3.322548 3.848358 -4.463596 
-2.136151 3.979390 3.727191 -12.395752 1.399365 -26.078188 -15.950379 -18.468244 
-2.296241 4.622030 1.055956 -15.815923 0.019103 -7.747068 -7.562831 -23.779901 -0.312834 
-18.929694 4.533324 -5.207777 -12.005464 -7.914178 0.164128 -11.600141 -0.231255 -5.219576 
-6.071262 8.064470 -0.777957 -13.488439 7.636773 1.216235 -10.411691 -2.289511 
5.168181 8.041626 -0.461229 -7.188917 -1.683987 4.864671 -11.162201 -6.014272 -0.117897 -15.164275 -4.067202 -9.772443 
0.436383 8.358504 -1.894226 -17.994120 0.908975 -19.139435 -0.921066 -11.748390 -10.910102 -11.583562 -10.311459 -1.743934 -12.318157 -2.036523 -12.146275 2.169687 
-9.224285 4.516555 -1.089825 -14.319692 0.046923 -2.036111 -16.658121 -13.495772 1.024440 -13.100538 -3.807098 -8.718741 -3.773720 -18.246358 -12.018998 -5.302560 -20.354718 -6.339955 -3.335104 -2.407893 -5.249239 
4.594484 9.444418 -2.579465 3.422973 -10.720121 -13.600031 -20.772127 -4.023289 -17.221753 -18.610811 
-9.569316 4.077544 -3.658948 -6.890629 -4.180240 -3.810213 -4.587312 -8.160311 -17.918004 
-4.736629 0.773952 -4.975057 -13.005846 2.936445 -7.879953 
-11.941953 5.498902 -21.309104 5.655315 -3.248963 -1.414854 4.390221 
6.585088 -0.945431 -1.486774 8.083277 5.283992 -4.883384 -7.639721 2.470356 -16.090886 -7.930650 -10.660409 
4.057837 4.246762 -14.253156 -2.087691 4.836222 -7.281267 -6.026363 -3.603032 
-21.537395 -5.534215 -9.627284 -0.556780 -22.561917 -0.224602 -12.743229 -2.445187 -4.419453 4.723144 7.563416 -6.491598 -25.025584 -4.484374 -26.487197 
-11.205787 -5.062590 -8.328459 -0.556780 3.456857 5.937256 -23.219086 -3.636227 -23.265239 7.936037 -22.274338 
-23.220274 7.524508 -17.604009 3.917655 4.480757 -0.481641 -11.279147 -18.814994 -12.358411 -26.245045 
-7.762193 9.139407 0.245489 -0.950548 -0.717075 -1.873145 -4.084872 -17.546545 -5.720533 -5.069323 -6.288021 -5.903098 -2.405361 -6.469387 -8.619686 
-18.049096 8.399663 2.323891 0.629244 -3.286897 -7.191627 -2.046878 -22.337822 -20.438533 -6.558454 -5.826311 -10.013099 -25.325409 -2.456092 2.148949 -4.763361 -3.767328 -5.050075 
-0.444216 6.926139 -10.029091 -0.903413 4.442197 -24.396088 -6.771318 -4.849348 -12.964127 -10.710662 -3.797888 
4.864343 7.355719 -2.656030 4.093659 -17.955135 1.750640 -18.966694 -18.778396 -15.900019 
2.701224 7.355719 1.626747 1.918947 -7.904012 -17.790150 6.344179 -21.210634 
-2.142752 7.990460 -8.669061 -0.771025 -7.817703 0.612017 8.284319 4.084139 
-0.828974 8.345333 -6.000670 -12.400229 -0.080141 -3.412556 -7.647720 -3.457065 -5.382480 -8.109693 
-4.498665 8.215404 -2.148520 -11.697944 -2.197579 3.405967 2.389269 -0.851020 2.911142 -3.066743 -3.469400 2.962092 -2.449243 5.594541 
-16.105964 -23.281380 -11.912108 -2.178870 -9.102004 1.171125 7.915706 -5.599306 3.389092 -8.758752 -8.484257 
1.171125 2.697868 9.138920 -1.403201 -17.204976 8.860979 
-2.475878 -3.846581 7.186304 -2.869182 -14.477709 -8.063582 -12.724615 -13.314792 -3.181398 -15.283494 -3.659933 -5.682173 -5.487863 
2.503157 4.488189 8.058122 -1.987916 -8.231830 0.566780 -2.524973 
1.160031 -11.890041 8.546808 5.362402 -1.274094 -3.507156 
0.532516 -8.377004 7.274095 -0.139810 -0.140551 -3.765811 -16.186014 4.739051 
-0.600945 -18.341633 7.766633 -2.520255 -1.456231 -9.097442 -26.189071 -6.121961 4.799532 
2.404418 4.157560 2.633596 -14.510388 -0.866821 -16.539528 
0.932493 5.403211 -1.434766 -8.909065 -3.415241 -2.045359 
-5.936130 6.737078 -0.079796 -1.288498 -17.137677 -1.079061 -22.515810 -7.459443 -4.275067 -4.765694 -3.430233 0.970138 -6.344804 -7.835617 
-10.444677 6.015482 -0.114814 3.459334 -0.896873 
-11.500330 6.808037 0.828388 -2.671235 -10.061477 -1.524661 -10.328071 4.800768 -6.305888 -4.087816 -6.729690 
-8.981932 6.899537 -0.233138 -23.898818 1.260808 0.281674 -5.069179 -3.041529 -8.593167 -12.707724 -22.661022 -2.557356 
-11.310644 6.833196 1.004796 -6.713203 2.530604 -2.027478 -17.825988 -23.127589 -3.397607 -10.979534 -9.650729 
-15.192166 -26.355965 2.010646 -4.601154 4.196531 -0.192680 -21.400554 -6.498427 -7.775943 
-1.475246 5.300879 0.025355 8.078751 -15.016763 -0.648251 -9.655256 -5.258745 -0.124112 -7.932999 -0.835453 -18.311205 -7.392728 
-1.646352 7.333055 2.479740 5.353191 -0.845726 1.596406 7.295813 -20.477105 -16.832663 -24.901879 -13.137922 
-1.364265 4.722552 -0.801660 -17.922678 -1.474657 -10.469551 -2.032515 -5.760208 
-0.944110 3.154369 -8.408918 -0.572361 -1.474657 -23.576032 -24.314412 -26.448623 3.412827 -12.013506 -3.308551 -3.583920 4.268677 -21.640125 
-2.989259 -22.404040 -19.648888 -11.069896 -9.613482 8.076645 -15.306530 -17.268425 -13.003363 -11.824563 -8.669940 4.920611 -3.632101 -16.612116 -10.148891 
-5.050966 -5.767778 -27.215793 -25.745439 0.884958 -9.905891 3.012103 -11.550581 -7.947702 -16.937159 -9.755684 -13.369999 
-4.955834 -14.964099 -3.017085 -6.562685 -8.048426 -2.221713 -19.387863 9.600200 -8.887679 -19.669777 -3.575155 -6.379865 -18.983102 -14.701016 -8.388783 
4.734958 -5.334511 -21.370158 -15.256821 -5.690546 -4.486948 -0.174194 -21.864340 -7.020308 -1.558358 
4.138303 -4.085120 -26.705381 -17.584604 -5.466580 -2.365540 -7.054642 -23.048706 0.608516 -8.757411 -3.777372 -0.252705 -7.973927 -4.130679 -4.263376 -5.289963 
4.376085 -3.463818 -0.322540 -16.879204 0.409441 -2.721746 1.887459 -3.882120 -13.940508 -7.991191 
3.971113 3.412190 -0.153319 1.921987 -3.270980 -11.627027 -3.762657 -22.229614 4.724452 -3.377413 
-0.199299 -1.714791 7.073428 -8.327361 -11.132304 -0.665768 -5.059890 -17.418128 -24.353714 -13.622839 -22.148959 6.674800 -21.593604 -2.826094 
-3.411455 -14.026316 -4.755889 -8.121740 -4.440799 -0.492695 -3.860216 -5.571175 -4.501895 -15.867788 -16.357461 -3.724263 -3.122295 -21.701555 6.343417 -22.077496 -2.387977 -0.596500 -3.762642 1.372544 -11.634935 -7.939665 
6.392014 6.885223 -2.781258 1.272547 -5.856992 -2.117652 0.400948 -0.766525 -23.548891 
6.928905 -1.375330 1.897874 -6.756977 -16.627156 -2.631045 2.671698 0.092744 -13.359304 -21.704856 -24.728340 -4.446465 -6.961181 7.202644 -24.481360 -6.433998 
6.869335 -9.451350 -0.774085 -5.591802 -14.729201 -2.264751 -8.401664 -23.924060 -2.350973 -20.934026 3.409030 7.507137 2.690144 2.131344 -6.361893 
7.800868 -3.161076 -5.127373 -0.747430 2.717245 8.961741 -12.613796 -2.071855 
7.174962 -13.659165 2.613703 3.979825 -9.680362 0.602127 -4.842525 -2.760072 4.816840 
-12.486544 -12.511610 -2.169186 7.679113 0.386573 -12.182400 -1.019361 -13.646981 5.024555 -10.627372 -0.771502 -12.243004 
0.143353 -7.853146 -18.920917 7.250939 -1.225755 -1.222755 -3.109254 
3.450023 1.982241 -6.023635 5.787795 -1.388725 
2.724619 -14.008005 0.198879 4.496737 4.957481 1.408892 -11.014741 
0.906367 3.135506 0.013623 7.574824 -14.363432 -6.563743 -19.077130 -8.908749 2.619615 -10.058247 1.649167 
3.347459 1.079298 -1.344960 7.621180 -25.206907 -12.599196 -2.115002 -4.394166 -0.345406 -1.044765 -0.028076 -6.815755 
4.917968 -1.232148 -0.760845 -11.498786 -1.130654 -9.631652 -22.376768 0.892288 -6.891169 
6.649340 -12.724766 -10.620818 -0.393364 -20.455261 4.180353 1.667256 2.534216 -22.799930 -15.938186 -3.977755 
4.810780 -6.146109 0.760494 0.048075 -2.335663 -11.614864 -3.581248 -4.393828 -3.913826 -1.290160 
6.205220 -11.997774 -1.359597 0.414945 -0.835856 -5.851098 0.095535 -19.650439 -9.280255 -20.303134 
6.017129 -6.427605 3.456929 -0.262108 -17.659609 -3.484690 -14.954764 -20.878647 -4.860444 -1.829976 -4.237823 -4.425541 -17.570163 
7.272266 -16.016530 -10.901462 0.043903 1.671365 2.670437 -5.368542 -3.253553 -1.721800 -2.342326 3.113672 -3.105361 
-3.787477 -21.501476 -10.173977 -0.713305 -2.589212 -1.626343 -9.969224 -6.362121 7.619057 1.388303 -1.749371 -6.268758 
4.102960 7.557935 -14.350938 -1.406227 -19.739148 0.473642 -2.552881 -8.461269 3.583964 -4.778597 -8.831256 
-3.305567 7.528096 4.431148 -1.167519 -3.619180 -1.838651 -4.345804 -11.541640 
3.736830 5.416579 2.444158 0.512607 -0.648141 -8.332695 -19.880210 -17.204982 -3.498372 6.510908 -10.763767 
8.345631 -6.671177 1.142420 -11.330721 -0.904111 -2.228564 
7.231050 -11.631540 6.617091 2.806716 -1.750312 -0.572637 -10.651704 -13.465948 -4.805203 -0.773385 4.833162 2.749943 -1.745345 
-0.896829 -9.481585 -2.068220 -0.218484 -3.929410 7.147676 
-1.941532 -2.512214 4.908284 2.221544 -14.026107 8.131276 
-1.257429 1.249431 -19.277781 2.925971 0.776796 0.406872 -3.146313 -4.435958 -10.435729 -22.221040 
-0.311389 -6.772045 8.597128 -2.146541 4.037328 6.326358 -10.189168 -5.247369 -4.591032 -3.012876 -2.811552 -6.545271 -19.068953 -5.095088 
-2.040967 2.314104 6.456125 -13.747008 2.721632 -4.121933 4.684548 -9.851783 -5.054886 -4.528000 -20.364494 
-2.657617 -2.649003 8.955995 -17.588084 -3.433790 -12.563785 -6.413213 
0.788393 -4.971600 8.588972 -1.155575 5.038084 1.980545 -9.111256 -19.406326 
2.679146 1.392604 -8.053953 -3.681773 7.771080 3.820407 5.063098 
3.009218 -0.551369 -10.502057 -2.805552 -4.708083 -0.503133 -9.525542 -5.156197 
7.880614 0.863511 -4.367956 -2.835753 -15.727877 5.829244 -10.784994 
8.484610 -2.065851 -12.832778 -1.950059 3.007153 -22.963328 -11.641295 -2.746881 -5.380729 -20.115522 -6.472242 -9.891560 -3.113425 1.637893 
8.320443 -2.746462 -17.430509 -0.086436 -0.250731 -13.269051 -2.944411 -7.445576 -11.419311 
-1.530295 -10.268102 -3.027920 -1.136615 -1.066235 -4.353071 -3.217880 4.756380 -7.001660 -2.309607 3.854876 
2.615304 -10.601134 7.393383 -0.996108 0.853112 -13.355871 -0.468277 
-9.180506 -13.738056 -6.974031 5.307058 -1.532017 7.430493 -7.681119 -1.349737 -6.386995 
-10.026461 -14.624578 -0.431361 1.355555 -1.324913 7.430493 -0.518492 -8.129873 -5.272509 -22.493331 -8.302402 -2.775608 -7.486432 -7.092554 
-13.286407 -16.854238 -8.391472 3.550348 -1.575067 6.428010 -9.161394 -2.822039 -15.801135 5.959685 6.171394 0.894509 -4.246773 -3.973104 -9.447422 -4.022380 
-20.678894 -23.461969 -26.341351 3.186873 -2.151924 3.583953 -10.795443 -26.891957 1.076093 
1.108227 -2.126735 -6.992165 -3.354884 -0.096378 5.923541 -13.264184 -7.803482 -17.253130 
7.809632 2.397630 5.085359 3.886462 1.627823 6.236477 4.093986 2.878669 -19.006720 -5.588132 -23.769820 -4.589027 
5.400295 -0.040435 -16.336361 0.181873 -0.256465 -13.375227 -5.054939 -8.312670 3.215088 -20.133583 
7.075571 -14.307089 -8.602621 1.665570 0.142032 4.467439 4.326309 -4.740240 6.996103 -2.116905 
-5.307352 -9.884842 -11.003929 5.124817 -2.955126 -5.053734 -21.922675 -4.445922 -14.940995 -17.524426 -3.168061 
8.751734 1.141508 -11.223261 4.840743 -5.001419 -17.163414 -23.827958 -18.226818 -19.594196 
7.072626 -3.495192 -9.272544 -1.891481 -8.683367 -1.861255 -7.652131 -10.562943 -5.339368 -13.980731 0.195513 
6.681907 -0.452011 -8.241148 -2.733195 -7.432679 
8.176360 -3.098829 -8.763290 -1.715219 -10.536697 -12.712086 -7.493822 
7.181109 -0.866887 -4.734872 -1.715219 -18.565504 -16.742871 
7.181109 -5.124900 -21.192764 -3.782753 -7.945311 -18.291952 -10.556244 -19.938321 
7.378980 -5.028560 -8.132278 -3.295268 -4.368221 -8.343979 -5.527258 -23.014063 -3.949758 -3.304296 -0.220996 
3.393241 4.064908 -8.307624 -2.764544 -5.240459 -2.887966 -4.778987 -15.325796 -11.295701 -6.712284 -7.974928 1.766025 7.315627 
2.812356 -17.456366 -17.250158 0.518203 -4.018121 -3.887637 
-13.477537 -15.349465 -5.836418 -5.143786 -14.583724 -1.720408 -14.490834 -4.483849 -19.255977 -3.817398 
-4.483849 -20.715623 -9.994652 -15.660294 -5.122628 -1.103803 -0.426953 -4.053244 -19.063719 -8.085309 
5.037763 -5.254800 -9.992565 -20.335050 -5.776274 -14.426613 -10.262367 -8.667751 
2.693207 -5.177212 1.711385 -21.702385 5.458783 -18.984100 -17.116460 -25.557782 -8.595915 -23.617642 -7.123278 
6.595161 -6.016476 -2.555947 -21.701434 -19.298554 -3.203529 
4.464443 -7.436041 -0.485007 
5.162632 -13.727950 -1.471939 -9.385634 -5.727694 -3.618552 -3.123337 
7.645415 -9.954103 -3.090021 -9.773890 
-1.494663 -16.520097 0.058799 -8.933131 -9.389220 3.662663 -17.700638 -1.881730 -4.186453 
-2.212548 -11.413260 -7.292537 -8.125981 -19.638746 -7.859744 -7.420455 -17.066753 
6.311176 -9.387657 -4.134813 6.199565 -13.105165 4.711237 
5.888151 -14.663163 5.612710 2.111547 -11.156760 
3.203063 -15.080903 5.391362 -12.405636 -9.507707 
1.739309 -12.748917 5.840441 -21.596243 -8.469585 -12.279147 -9.375955 -15.034763 -3.115326 -23.535368 
2.237869 -9.590571 0.935159 -3.603170 -18.484635 -14.332190 -19.180645 -11.850729 -8.447158 -5.007414 -6.520393 -5.175882 -3.014099 -1.456812 
-5.730441 -21.054774 -10.311813 -11.596291 -1.960038 2.949323 -8.847606 -17.580773 -20.139836 -13.753103 -10.746750 6.082008 
-17.448893 -15.840273 -0.829412 5.640815 4.145600 2.862507 -23.409177 4.965863 
-4.591534 -1.168564 4.934243 
-8.839984 0.154672 -0.932797 -0.473920 -12.721858 -21.912054 -13.254628 -16.156999 -6.553513 
-4.265184 1.129047 3.054084 -13.956356 -13.408186 -5.835073 -4.999260 
-3.647433 6.660156 -0.833575 -10.845999 2.465453 -13.803788 7.454720 
-17.148797 -0.138545 -14.927026 -20.730513 -12.007382 3.309959 1.421906 3.403265 -5.789815 -19.605428 -9.754855 -10.417914 -22.798228 3.538864 
-5.671506 1.164382 1.981799 -25.384256 -5.496634 3.309959 1.421906 -8.374218 5.284912 -20.225164 -5.476200 4.637471 -19.840651 3.763733 -14.158855 -7.024577 
-11.954718 1.383395 -12.751371 -8.833534 -24.775552 4.757038 -0.104585 -2.693198 -18.854301 -18.429372 -3.700046 
-0.810124 4.894341 -10.742767 -9.283978 -8.743486 1.918348 -22.037609 -4.677836 -8.289907 
-3.104213 5.663461 -13.731449 -6.658297 -8.829790 1.197514 -17.806575 -15.763680 -15.172350 -13.363754 -4.863960 0.627635 
-18.412496 3.711481 0.627635 -3.346135 -9.983756 -4.354781 -6.365484 
-15.145131 4.754351 -5.889800 -0.060085 3.477659 -11.156734 -22.533638 -14.537951 -7.072604 0.983713 -11.362623 -6.750809 -8.654545 -16.430367 
-12.704260 -18.930117 -5.406784 4.470188 -22.011861 -9.651058 3.596800 -9.989308 7.404765 8.735991 -3.650268 
-0.798495 -7.423250 -22.666122 6.870700 -21.847596 -9.670747 -3.139163 0.514380 -2.619863 -5.402459 -2.818656 -13.743788 -24.467921 7.844588 -0.031233 -4.376342 -2.403285 
1.424278 -20.213164 -8.456217 -22.746609 -21.670054 -9.446723 5.567207 -1.121823 -23.097637 -4.698584 -4.593863 -12.757147 -9.478848 4.154963 
1.424278 3.432889 -16.603109 -17.830805 -9.733190 -11.865192 1.816552 1.097599 -21.459889 -1.041843 -20.098175 -23.493680 0.552985 3.578254 -24.923068 -3.538881 
0.973156 5.786652 -4.249997 -6.867439 2.285906 1.770946 -10.484823 -1.036220 -3.688721 -1.819069 -2.817260 
0.426067 5.626176 -12.223655 1.354985 -0.406113 -5.818061 -9.578900 -9.685650 -1.888186 7.727392 -25.453366 -3.418541 
-0.002550 6.843960 -0.292337 -4.856290 5.375004 4.920102 
-0.595907 7.363391 1.681469 -21.908647 0.793599 -4.497902 -2.546540 -12.997814 -7.120761 -4.357544 -0.688857 
-0.854272 3.936802 1.304434 -17.144076 -1.312088 -5.238016 2.769056 -20.715028 -7.183434 -1.055864 -0.996257 -6.475388 -3.482612 -4.339463 6.767525 
-3.118879 2.982163 0.294051 -1.559707 -0.549063 -8.375737 -1.160512 
-12.427550 7.752833 4.631220 0.093542 -4.966572 -23.417412 -8.483923 -5.614624 -3.347587 -9.462274 
-15.820588 8.110005 2.232831 -0.281984 -19.337571 -15.038120 -4.099505 -4.991340 -12.972494 -4.633040 -1.848110 -4.903659 
4.766186 -8.074589 -1.234145 -1.912641 0.931565 -8.196593 
6.242060 0.548986 -6.604009 -2.445145 -2.294507 -6.151991 -12.867982 -3.715532 -19.714811 -11.118193 -7.891727 -4.498907 -14.863946 
3.984333 0.852975 -0.941891 -1.173286 -12.286068 -4.903136 -22.023304 -17.985596 
8.661269 0.125572 -0.870010 -7.976808 -17.358272 -7.548943 
6.346940 -0.978997 0.914646 -15.786617 -13.177555 -0.718918 -17.319155 -18.235317 -1.268438 8.250365 
4.263894 2.217618 -0.665829 -23.467337 -10.864993 5.303948 4.550103 
-9.200093 1.031844 6.386695 -20.471318 -4.993618 -7.056476 0.495577 -10.511262 6.299416 -5.300244 -0.896105 -0.148813 -7.828267 -15.072164 -6.341121 
-9.749019 -3.628840 4.498009 1.145318 0.673019 -14.976076 0.978257 -5.689804 -8.306311 -3.226557 -4.639897 -20.501027 2.581467 
-2.307760 1.314210 6.342232 0.500658 -2.370638 -10.377202 -18.830569 -1.431746 3.432163 -11.631554 -0.873399 
-5.500085 1.100568 6.470985 0.205924 -8.337592 -10.116068 -3.043730 -20.989066 -7.753661 -3.151974 -1.243852 
5.264631 -24.461888 4.967733 -0.015929 -13.814763 -0.793904 -7.642790 -9.349026 -1.402875 -6.495382 7.687667 -8.349078 -5.987242 -3.015347 -2.264523 -7.332533 
-2.286894 -3.976464 4.699376 1.675002 -3.636024 3.641630 -10.839407 6.395984 -10.174519 -6.439339 -0.892799 -6.947179 -13.677622 6.083344 
4.048589 -5.897310 4.699376 0.946217 -4.462253 -11.113236 5.497992 -8.668117 -1.217531 -6.442846 -11.020522 7.153190 -5.651517 
2.562223 -7.584072 6.179455 -9.231812 3.689313 -16.414739 -19.644451 -19.410497 5.162442 -2.749441 -17.828611 -0.134883 -20.224796 -13.300261 -6.599706 -1.689672 -4.649915 
0.316643 -0.131989 -3.170929 -23.149101 -10.635589 -13.149116 3.878558 -8.611298 1.179708 0.379763 -6.917672 -6.085025 3.122009 2.323345 -22.337890 -16.874264 -15.459287 -16.146249 
1.467379 1.209205 -22.743069 3.042313 -5.505149 5.338603 -5.649277 5.576031 -6.493375 4.386982 -11.499169 -16.998019 -11.475001 
-3.060177 0.331304 3.003586 -4.321968 -10.578830 -13.593655 -2.856263 4.800785 
3.188681 0.649726 5.093594 -0.629247 -10.787690 -16.065404 7.583760 -6.771779 
0.723598 -5.881547 7.097790 2.802566 -12.294813 -15.998956 -20.566090 -0.020031 -6.698697 -25.083199 7.724399 -11.588961 -11.333477 
2.169654 -16.033234 5.580362 -2.350344 0.739477 -9.183798 -3.813473 -11.334380 -22.536811 3.391324 -23.486864 -10.844681 4.353243 5.766759 7.073896 -21.849711 
5.659273 -6.320255 2.034275 0.089031 0.739477 8.633437 2.477305 -15.365115 -0.411412 -1.697775 -5.812716 5.692928 7.566475 
5.745124 -10.344916 -6.015251 -5.790900 1.301088 -25.205291 1.431334 -12.089615 7.663282 -3.692358 -24.275053 -25.779178 -6.841303 
6.514276 -12.318647 0.090270 -11.614374 -10.326114 0.693509 2.089293 -0.393317 
6.603880 -11.100721 -1.653185 1.113843 -20.708060 -0.172754 -11.312054 -15.932375 -2.164495 -20.936870 -8.420600 -5.413554 -1.858288 
-5.355430 -3.814333 -3.188922 1.355463 -11.639032 4.553604 4.880815 5.857066 -10.175891 -13.519641 -11.923029 -5.289301 
-9.955882 -24.652616 -10.407359 4.170949 -5.201231 4.553604 4.880815 1.030014 1.760549 -24.791811 -13.767075 -15.990602 -10.288303 -5.105770 -3.137554 -10.426585 
-16.045944 -1.562135 3.633402 4.880815 -9.524040 2.264226 -4.501927 -11.103448 6.560612 -12.447455 
3.721511 -6.806070 4.763438 5.141378 0.130865 -0.780596 
3.455382 4.367191 -0.351178 4.864828 1.419593 -8.120635 -22.338040 -17.697860 1.849313 3.388040 -14.643438 -14.843072 -18.821351 -2.641204 
-1.472159 -10.969860 -4.712841 -13.081406 2.987263 -15.031838 -21.879786 
1.838208 -13.369273 4.652445 -8.881098 -5.963650 -7.801985 0.832902 
-1.417951 -11.603954 2.293849 6.314200 8.323550 0.758538 8.390663 
-5.215353 -11.841085 2.293849 0.034763 -12.287260 -5.543250 -7.222319 -4.636499 -19.713351 
-5.031934 -14.044501 0.940346 0.464891 -18.288569 -9.430152 -5.387400 
6.473554 -15.708044 4.005495 0.544305 -9.089623 1.532398 -4.264859 
6.569254 -13.466476 4.155135 4.758755 1.506815 -22.009584 -12.279311 
6.794289 3.461867 -0.422401 0.466301 -12.050627 -3.339132 -9.211096 
6.794289 4.998400 -1.756911 3.236989 -7.896586 
4.709620 4.349670 1.066252 2.664688 -13.284424 -13.965289 -8.260620 -13.851623 -4.265854 
-13.270770 -7.354528 2.221925 -1.906800 -5.949997 -10.301425 -19.714009 -25.405346 -15.385185 -21.138779 -16.541751 -0.940469 -5.981812 -22.133565 -3.190116 -5.808384 
-1.820614 7.321417 1.445905 -0.555018 -9.014592 1.565978 -10.282257 -9.879534 -16.742423 -7.030548 -15.641777 
-18.578645 9.630036 2.678523 -3.462992 -11.391596 3.255319 -26.379448 
-13.342016 -16.084998 3.380102 -3.376700 -15.326039 -5.894928 -3.895255 -8.623772 -14.985987 -13.660690 -10.611789 -6.003496 -1.437922 -6.471072 -11.298152 -6.017323 -22.518047 
-10.607276 -24.320935 3.380102 -3.510706 -11.963761 -18.354692 -1.764782 -6.056350 -24.400600 -6.149536 -19.322975 
-13.934461 1.039256 2.233213 -12.397298 1.983758 -9.574544 -24.549278 -23.700883 -9.797676 
2.070406 -3.354249 2.596703 -7.715342 -22.681655 -26.994490 4.426554 2.692288 -11.569799 2.755006 -2.483094 
1.492576 3.923926 0.723339 6.270041 -17.876151 -10.031262 -3.510450 -4.492031 -15.430050 6.174899 
3.142420 5.548405 0.242850 6.271195 -13.069380 -3.978900 -5.278790 2.291770 4.236729 -7.412618 
-0.691866 4.236173 -6.526290 5.871947 -11.531529 -9.054549 4.581557 -7.895993 
0.961624 -15.169740 4.251976 5.017927 -18.037080 6.100504 -16.396268 
-1.110828 6.100504 4.479455 7.571028 -15.904822 -21.924446 -8.254929 -5.796874 -12.620917 -4.816436 -22.154645 
-6.881420 -6.876578 -1.920789 6.940263 -16.093320 -13.993462 -6.166700 -20.762677 -10.807359 -23.192388 -1.812154 -0.401826 4.753047 7.059630 -15.987753 7.911074 -12.506800 -7.163842 -0.941115 3.290081 
0.124331 0.822905 3.391492 -12.509073 -6.639641 6.254547 -23.410821 
-1.584195 6.565093 3.906407 -9.423248 -23.401061 6.317570 -2.570981 6.564670 
-1.459973 -12.678506 1.761691 -9.893215 -1.624541 6.018994 -6.591540 -25.047285 -5.942005 -0.675124 -6.959881 -25.308150 1.296359 -8.003582 
-8.413323 -7.432678 -0.522712 -7.228514 2.570628 6.644177 -3.562467 -19.573450 -4.468523 0.138332 
-3.005934 -13.129662 2.639577 -4.299121 8.356438 8.847871 3.310362 -4.278674 1.295549 
-0.895203 -24.949461 1.211315 -15.896588 -0.057785 9.199435 -9.742838 5.511033 -15.152201 -27.183350 -4.784526 -4.231205 -9.761357 -16.713766 -24.079671 -16.316432 
-13.135471 7.803271 0.573091 2.229424 -2.618467 -14.432941 -3.448808 -3.518234 
-26.033660 6.787081 -16.296067 -14.434664 0.165709 3.606199 2.022867 -3.962751 -18.804573 
-9.917875 5.938422 -0.194604 -17.249257 -0.469953 -1.373666 2.045438 -2.282609 -15.378059 
5.405957 7.633040 -6.767062 -6.494741 0.890385 -18.520974 -3.452309 -1.051949 -0.661502 -4.302752 6.276386 -24.022819 4.015198 -7.030812 
4.872973 -15.999281 -8.022707 -5.965895 -0.256290 -7.922371 -1.167414 -0.091670 -6.265025 -2.263775 -7.983198 -1.551877 
3.701260 -18.441114 -2.380674 1.694875 0.231252 -3.883724 -15.539911 -0.208840 -3.883215 -23.915580 -20.950918 -1.981581 2.187971 0.727667 5.552677 
3.141224 0.015816 -6.707877 2.433251 0.231252 -7.976857 0.282973 -3.340110 -1.672469 -2.334898 -2.310464 
-4.431420 1.920211 8.569777 2.173797 2.560364 -3.968608 -9.009660 -10.213917 -17.686276 
-6.097184 0.869646 5.836421 -14.961027 0.651179 2.123456 -7.437767 -4.821570 -15.613427 -7.564997 
-5.355268 3.638713 7.222644 -12.032964 -0.829753 2.452062 -11.245208 
-19.231004 -3.595132 7.447038 -0.251013 -0.812808 4.362501 -19.311064 -8.282931 4.830650 -20.659421 -3.999245 -7.371000 -16.005468 -11.391190 -12.199961 
-15.871119 4.540485 5.699363 -21.403113 -12.078272 -0.647641 5.117016 -19.121545 4.195733 7.053887 
0.745320 3.852818 6.363203 1.081357 -4.750795 0.219499 0.074504 -9.508904 -0.757955 7.350399 -7.106210 4.325199 -4.364696 5.707118 
3.038052 -11.327160 6.136705 5.903610 -6.469816 -0.680306 -7.428534 
-1.767354 1.319891 4.121555 3.172565 -13.458663 
3.542227 -5.482353 4.337709 -4.949219 -12.950029 -0.486255 -1.789814 -15.220732 -5.446280 4.497620 
-0.453791 -6.030771 4.071387 -18.294030 -4.300968 -1.743777 -4.079764 -12.693658 -20.998255 -25.231658 -17.905400 
0.464084 -12.107059 7.384091 -23.056897 2.843699 8.121466 4.330090 0.154674 
-4.076038 -2.608100 7.380691 -10.978866 -5.486703 -18.748541 -11.109025 -5.853036 
4.085833 -0.377848 6.064547 -3.587488 -4.411538 -7.206214 -21.951804 1.559122 
-5.146189 5.383990 8.548864 -8.734466 -5.403856 -9.645894 -13.974190 -5.950085 -4.349701 
2.838010 0.328554 8.505356 -10.054890 -1.552165 -2.062513 -7.910387 6.211269 
0.133447 -2.254352 4.885679 -15.586952 -12.474838 -2.344331 -17.036189 -11.420549 -1.941106 -22.906732 -13.704161 -19.529733 -6.170156 -9.215303 
-2.642757 -2.911158 2.706629 -18.024614 -7.957240 -0.277090 -4.833713 -11.576569 -23.874116 -7.854072 -9.868367 -21.862173 
-18.171634 -1.513262 1.881658 5.317296 0.319954 -25.102329 -18.721323 -18.248520 -10.913583 -15.322923 -17.309263 -21.183266 -15.285764 -13.181286 -24.900297 
5.361936 1.314058 5.214812 -16.779638 -4.887632 -1.223185 
3.120180 -0.750992 3.423703 -13.657523 -18.142472 -12.507925 -11.670191 -3.687239 -2.358622 
-7.805220 -0.817332 0.239544 -3.472248 -13.408725 -7.342340 -5.162099 -19.342374 6.740620 -25.900497 -17.249720 -8.133201 7.721126 -3.156350 -2.587737 7.730989 -8.573668 -3.214477 -3.921988 -7.522152 
5.398273 1.881154 -5.362064 -3.460592 -1.793883 -10.364077 -6.344492 -12.691551 0.562750 -0.934665 -22.522880 -3.464594 
5.503382 0.556860 -9.005168 2.671313 -8.339261 -15.110911 -1.009238 -0.250592 -22.285785 -19.709255 -6.906824 3.088062 
3.554458 0.262330 6.483827 4.800581 7.677329 -8.514997 1.469275 -5.190481 
-6.297898 3.144653 -17.945239 1.845918 -0.312120 -10.732704 -4.146604 -15.826506 5.191828 -2.283060 -4.856082 3.130569 -26.518722 5.327430 
-1.835797 2.367293 5.058801 1.284434 -0.905930 4.561975 -7.633080 -21.436145 5.346403 -0.325955 1.720561 
-7.133822 2.367293 -21.715348 -18.764448 -6.379167 4.932601 -0.375789 -20.818179 1.102552 -12.587922 -12.945888 -5.575433 -23.039211 -5.695678 -23.803999 -11.750213 -10.641292 -16.271550 6.142907 
0.728646 -3.035913 -15.836468 -8.045621 0.736052 4.624981 -7.504150 -7.970227 -1.373119 -23.000850 3.906830 -5.130692 -6.087498 
0.235881 -13.915999 5.025157 0.886123 3.142203 -7.321077 3.572698 -16.429352 -5.316988 5.536909 
0.295092 -4.145346 5.477659 5.731005 2.876151 -17.947378 -0.866227 -0.194535 -2.633481 
1.323535 -17.143286 5.987069 -3.404966 -2.860033 -5.158460 -5.118063 -9.960875 -5.097797 -7.697285 -2.187008 -4.196765 
-0.273153 -7.331467 -10.586300 -1.927595 -1.136593 7.818183 -5.868585 -0.290364 -7.783565 
0.003479 -16.494546 -7.296691 -4.677709 1.804021 6.775428 6.270646 -3.726764 2.116635 -4.567446 -7.744079 
1.834555 -0.420492 -2.748541 6.214985 -15.829949 -25.648703 -12.952174 -5.101292 -13.837237 -1.477599 -9.348618 -1.109048 
-15.394856 -0.462321 -1.818658 5.013234 -27.193763 -3.136587 -18.855138 -14.179961 -9.380386 -10.758155 7.596615 3.937688 -14.334219 -11.973087 -18.024125 -15.977714 0.954053 
4.753872 -1.204453 4.961020 -6.012916 -14.587603 -3.752709 -23.335913 -2.779971 
-9.390320 -0.938669 -8.695477 5.096584 2.370954 -24.175576 -0.842047 -9.747875 -6.359055 6.335940 
