-49.116832 -15.737407   2.000000
-52.568317 -14.355926   2.000000
-46.010495 -15.046667   3.000000
-50.842574   0.149630  13.000000
-48.426535  -0.541111   3.000000
-47.045941  -7.448519   2.000000
-47.736238 -15.737407   4.000000
-44.284752 -12.974444   1.000000
-46.700792 -23.335556   2.000000
-36.691485 -10.211481   1.000000
-48.081386 -12.283704   1.000000
-36.001188  -8.830000   1.000000
-49.461980 -20.572593   1.000000
-53.948911 -17.118889   1.000000
-43.594455 -19.881852   1.000000
-40.833267 -17.118889   1.000000
-49.461980  -8.139259   2.000000
-42.559010 -12.283704   1.000000
-39.452673 -12.974444   2.000000
-62.232475   0.840370   2.000000
-60.506733   2.912593   2.000000
-44.975050 -22.644815   2.000000
-56.019802   0.840370   2.000000
-35.310891  -8.830000   1.000000
-43.939604  -9.520741   1.000000
-39.107525 -15.046667   2.000000
-60.851881   3.603333   1.000000
-51.187723 -15.737407   2.000000
-55.674653 -15.046667   2.000000
-44.284752 -19.881852   2.000000
-44.975050 -15.737407   1.000000
-42.559010 -17.809630   2.000000
-59.816436   2.912593   2.000000
-60.161584   6.366296   2.000000
-59.816436   4.294074   2.000000
-59.126139   2.912593   1.000000
-60.851881 -14.355926   5.000000
-58.435842   7.057037   2.000000
-40.833267 -12.974444   1.000000
-42.904158 -22.644815   1.000000
-47.736238 -14.355926   1.000000
